5.000e-01 6672978
5.001e-01 6673605
5.002e-01 6675069
5.003e-01 6676506
5.004e-01 6677868
5.005e-01 6679354
5.006e-01 6680804
5.007e-01 6682182
5.008e-01 6683697
5.009e-01 6685183
5.010e-01 6686545
5.011e-01 6688000
5.012e-01 6689448
5.013e-01 6690826
5.014e-01 6692255
5.015e-01 6693707
5.016e-01 6695040
5.017e-01 6696533
5.018e-01 6697959
5.019e-01 6699332
5.020e-01 6700820
5.021e-01 6702296
5.022e-01 6703676
5.023e-01 6705162
5.024e-01 6706512
5.025e-01 6707986
5.026e-01 6709429
5.027e-01 6710796
5.028e-01 6712266
5.029e-01 6713756
5.030e-01 6715160
5.031e-01 6716590
5.032e-01 6718051
5.033e-01 6719429
5.034e-01 6720884
5.035e-01 6722354
5.036e-01 6723770
5.037e-01 6725247
5.038e-01 6726677
5.039e-01 6728053
5.040e-01 6729512
5.041e-01 6730964
5.042e-01 6732341
5.043e-01 6733819
5.044e-01 6735271
5.045e-01 6736664
5.046e-01 6738094
5.047e-01 6739567
5.048e-01 6740954
5.049e-01 6742395
5.050e-01 6743844
5.051e-01 6745208
5.052e-01 6746660
5.053e-01 6748082
5.054e-01 6749543
5.055e-01 6750990
5.056e-01 6752403
5.057e-01 6753833
5.058e-01 6755291
5.059e-01 6756636
5.060e-01 6758103
5.061e-01 6759589
5.062e-01 6760963
5.063e-01 6762422
5.064e-01 6763920
5.065e-01 6765309
5.066e-01 6766754
5.067e-01 6768268
5.068e-01 6769657
5.069e-01 6771106
5.070e-01 6772564
5.071e-01 6773940
5.072e-01 6775418
5.073e-01 6776898
5.074e-01 6778291
5.075e-01 6779748
5.076e-01 6781195
5.077e-01 6782548
5.078e-01 6783981
5.079e-01 6785455
5.080e-01 6786875
5.081e-01 6788349
5.082e-01 6789816
5.083e-01 6791174
5.084e-01 6792645
5.085e-01 6794010
5.086e-01 6795476
5.087e-01 6796918
5.088e-01 6798320
5.089e-01 6799766
5.090e-01 6801251
5.091e-01 6802610
5.092e-01 6804088
5.093e-01 6805530
5.094e-01 6806903
5.095e-01 6808401
5.096e-01 6809880
5.097e-01 6811257
5.098e-01 6812729
5.099e-01 6814189
5.100e-01 6815584
5.101e-01 6817066
5.102e-01 6818581
5.103e-01 6819973
5.104e-01 6821436
5.105e-01 6822901
5.106e-01 6824262
5.107e-01 6825751
5.108e-01 6827242
5.109e-01 6828591
5.110e-01 6830071
5.111e-01 6831535
5.112e-01 6832917
5.113e-01 6834385
5.114e-01 6835753
5.115e-01 6837216
5.116e-01 6838676
5.117e-01 6840070
5.118e-01 6841526
5.119e-01 6843018
5.120e-01 6844398
5.121e-01 6845853
5.122e-01 6847324
5.123e-01 6848688
5.124e-01 6850181
5.125e-01 6851661
5.126e-01 6853084
5.127e-01 6854528
5.128e-01 6855990
5.129e-01 6857364
5.130e-01 6858854
5.131e-01 6860358
5.132e-01 6861719
5.133e-01 6863174
5.134e-01 6864677
5.135e-01 6866069
5.136e-01 6867527
5.137e-01 6868954
5.138e-01 6870348
5.139e-01 6871813
5.140e-01 6873318
5.141e-01 6874689
5.142e-01 6876162
5.143e-01 6877609
5.144e-01 6878999
5.145e-01 6880471
5.146e-01 6881857
5.147e-01 6883327
5.148e-01 6884804
5.149e-01 6886199
5.150e-01 6887698
5.151e-01 6889174
5.152e-01 6890589
5.153e-01 6892074
5.154e-01 6893509
5.155e-01 6894888
5.156e-01 6896378
5.157e-01 6897814
5.158e-01 6899214
5.159e-01 6900696
5.160e-01 6902157
5.161e-01 6903605
5.162e-01 6905051
5.163e-01 6906473
5.164e-01 6907919
5.165e-01 6909329
5.166e-01 6910738
5.167e-01 6912199
5.168e-01 6913658
5.169e-01 6915083
5.170e-01 6916504
5.171e-01 6917929
5.172e-01 6919360
5.173e-01 6920817
5.174e-01 6922283
5.175e-01 6923717
5.176e-01 6925133
5.177e-01 6926592
5.178e-01 6928005
5.179e-01 6929455
5.180e-01 6930885
5.181e-01 6932329
5.182e-01 6933791
5.183e-01 6935262
5.184e-01 6936698
5.185e-01 6938072
5.186e-01 6939586
5.187e-01 6941040
5.188e-01 6942433
5.189e-01 6943889
5.190e-01 6945382
5.191e-01 6946734
5.192e-01 6948219
5.193e-01 6949676
5.194e-01 6951087
5.195e-01 6952533
5.196e-01 6954029
5.197e-01 6955406
5.198e-01 6956890
5.199e-01 6958391
5.200e-01 6959770
5.201e-01 6961208
5.202e-01 6962694
5.203e-01 6964074
5.204e-01 6965518
5.205e-01 6966975
5.206e-01 6968386
5.207e-01 6969860
5.208e-01 6971340
5.209e-01 6972713
5.210e-01 6974195
5.211e-01 6975711
5.212e-01 6977121
5.213e-01 6978551
5.214e-01 6979974
5.215e-01 6981501
5.216e-01 6982906
5.217e-01 6984340
5.218e-01 6985783
5.219e-01 6987225
5.220e-01 6988679
5.221e-01 6990226
5.222e-01 6991653
5.223e-01 6993061
5.224e-01 6994524
5.225e-01 6995935
5.226e-01 6997347
5.227e-01 6998883
5.228e-01 7000306
5.229e-01 7001726
5.230e-01 7003161
5.231e-01 7004567
5.232e-01 7005994
5.233e-01 7007416
5.234e-01 7008915
5.235e-01 7010354
5.236e-01 7011799
5.237e-01 7013221
5.238e-01 7014624
5.239e-01 7016057
5.240e-01 7017547
5.241e-01 7018999
5.242e-01 7020419
5.243e-01 7021844
5.244e-01 7023244
5.245e-01 7024685
5.246e-01 7026130
5.247e-01 7027604
5.248e-01 7029055
5.249e-01 7030463
5.250e-01 7031874
5.251e-01 7033318
5.252e-01 7034736
5.253e-01 7036254
5.254e-01 7037715
5.255e-01 7039182
5.256e-01 7040610
5.257e-01 7042069
5.258e-01 7043519
5.259e-01 7045055
5.260e-01 7046470
5.261e-01 7047900
5.262e-01 7049313
5.263e-01 7050737
5.264e-01 7052168
5.265e-01 7053618
5.266e-01 7055175
5.267e-01 7056590
5.268e-01 7058012
5.269e-01 7059448
5.270e-01 7060889
5.271e-01 7062341
5.272e-01 7063843
5.273e-01 7065259
5.274e-01 7066670
5.275e-01 7068119
5.276e-01 7069564
5.277e-01 7070982
5.278e-01 7072406
5.279e-01 7073922
5.280e-01 7075340
5.281e-01 7076770
5.282e-01 7078192
5.283e-01 7079613
5.284e-01 7081069
5.285e-01 7082607
5.286e-01 7084038
5.287e-01 7085458
5.288e-01 7086885
5.289e-01 7088322
5.290e-01 7089740
5.291e-01 7091299
5.292e-01 7092733
5.293e-01 7094172
5.294e-01 7095603
5.295e-01 7097040
5.296e-01 7098485
5.297e-01 7099906
5.298e-01 7101440
5.299e-01 7102870
5.300e-01 7104301
5.301e-01 7105731
5.302e-01 7107153
5.303e-01 7108570
5.304e-01 7110098
5.305e-01 7111534
5.306e-01 7112965
5.307e-01 7114419
5.308e-01 7115880
5.309e-01 7117332
5.310e-01 7118758
5.311e-01 7120295
5.312e-01 7121696
5.313e-01 7123141
5.314e-01 7124563
5.315e-01 7125993
5.316e-01 7127435
5.317e-01 7128963
5.318e-01 7130425
5.319e-01 7131856
5.320e-01 7133270
5.321e-01 7134732
5.322e-01 7136189
5.323e-01 7137735
5.324e-01 7139158
5.325e-01 7140587
5.326e-01 7142001
5.327e-01 7143412
5.328e-01 7144819
5.329e-01 7146271
5.330e-01 7147820
5.331e-01 7149248
5.332e-01 7150693
5.333e-01 7152130
5.334e-01 7153586
5.335e-01 7154994
5.336e-01 7156552
5.337e-01 7157960
5.338e-01 7159418
5.339e-01 7160877
5.340e-01 7162304
5.341e-01 7163781
5.342e-01 7165202
5.343e-01 7166719
5.344e-01 7168148
5.345e-01 7169580
5.346e-01 7171021
5.347e-01 7172423
5.348e-01 7173834
5.349e-01 7175369
5.350e-01 7176827
5.351e-01 7178239
5.352e-01 7179694
5.353e-01 7181114
5.354e-01 7182509
5.355e-01 7184063
5.356e-01 7185464
5.357e-01 7186898
5.358e-01 7188326
5.359e-01 7189765
5.360e-01 7191213
5.361e-01 7192665
5.362e-01 7194206
5.363e-01 7195664
5.364e-01 7197120
5.365e-01 7198554
5.366e-01 7200003
5.367e-01 7201448
5.368e-01 7202982
5.369e-01 7204411
5.370e-01 7205823
5.371e-01 7207275
5.372e-01 7208720
5.373e-01 7210145
5.374e-01 7211573
5.375e-01 7213132
5.376e-01 7214626
5.377e-01 7216064
5.378e-01 7217534
5.379e-01 7218986
5.380e-01 7220458
5.381e-01 7222014
5.382e-01 7223471
5.383e-01 7224851
5.384e-01 7226295
5.385e-01 7227729
5.386e-01 7229184
5.387e-01 7230702
5.388e-01 7232178
5.389e-01 7233620
5.390e-01 7235056
5.391e-01 7236499
5.392e-01 7237920
5.393e-01 7239355
5.394e-01 7240863
5.395e-01 7242331
5.396e-01 7243761
5.397e-01 7245216
5.398e-01 7246690
5.399e-01 7248108
5.400e-01 7249642
5.401e-01 7251079
5.402e-01 7252504
5.403e-01 7253953
5.404e-01 7255383
5.405e-01 7256806
5.406e-01 7258285
5.407e-01 7259844
5.408e-01 7261277
5.409e-01 7262707
5.410e-01 7264185
5.411e-01 7265615
5.412e-01 7267067
5.413e-01 7268585
5.414e-01 7269997
5.415e-01 7271450
5.416e-01 7272907
5.417e-01 7274339
5.418e-01 7275761
5.419e-01 7277285
5.420e-01 7278694
5.421e-01 7280130
5.422e-01 7281580
5.423e-01 7283032
5.424e-01 7284461
5.425e-01 7285919
5.426e-01 7287442
5.427e-01 7288873
5.428e-01 7290334
5.429e-01 7291772
5.430e-01 7293196
5.431e-01 7294625
5.432e-01 7296176
5.433e-01 7297575
5.434e-01 7299012
5.435e-01 7300459
5.436e-01 7301884
5.437e-01 7303302
5.438e-01 7304728
5.439e-01 7306233
5.440e-01 7307684
5.441e-01 7309109
5.442e-01 7310540
5.443e-01 7311949
5.444e-01 7313401
5.445e-01 7314960
5.446e-01 7316421
5.447e-01 7317888
5.448e-01 7319313
5.449e-01 7320746
5.450e-01 7322194
5.451e-01 7323748
5.452e-01 7325186
5.453e-01 7326641
5.454e-01 7328091
5.455e-01 7329516
5.456e-01 7330941
5.457e-01 7332387
5.458e-01 7333932
5.459e-01 7335394
5.460e-01 7336859
5.461e-01 7338302
5.462e-01 7339743
5.463e-01 7341190
5.464e-01 7342714
5.465e-01 7344160
5.466e-01 7345622
5.467e-01 7347050
5.468e-01 7348484
5.469e-01 7349910
5.470e-01 7351349
5.471e-01 7352934
5.472e-01 7354388
5.473e-01 7355853
5.474e-01 7357292
5.475e-01 7358735
5.476e-01 7360208
5.477e-01 7361755
5.478e-01 7363205
5.479e-01 7364644
5.480e-01 7366064
5.481e-01 7367476
5.482e-01 7368935
5.483e-01 7370489
5.484e-01 7371943
5.485e-01 7373386
5.486e-01 7374836
5.487e-01 7376291
5.488e-01 7377756
5.489e-01 7379210
5.490e-01 7380736
5.491e-01 7382178
5.492e-01 7383671
5.493e-01 7385136
5.494e-01 7386594
5.495e-01 7388038
5.496e-01 7389603
5.497e-01 7391074
5.498e-01 7392495
5.499e-01 7393956
5.500e-01 7395393
5.501e-01 7396830
5.502e-01 7398286
5.503e-01 7399842
5.504e-01 7401303
5.505e-01 7402744
5.506e-01 7404172
5.507e-01 7405619
5.508e-01 7407051
5.509e-01 7408558
5.510e-01 7410039
5.511e-01 7411484
5.512e-01 7412945
5.513e-01 7414362
5.514e-01 7415794
5.515e-01 7417358
5.516e-01 7418787
5.517e-01 7420222
5.518e-01 7421654
5.519e-01 7423123
5.520e-01 7424568
5.521e-01 7426017
5.522e-01 7427576
5.523e-01 7429003
5.524e-01 7430470
5.525e-01 7431905
5.526e-01 7433348
5.527e-01 7434794
5.528e-01 7436334
5.529e-01 7437765
5.530e-01 7439224
5.531e-01 7440664
5.532e-01 7442159
5.533e-01 7443608
5.534e-01 7445111
5.535e-01 7446641
5.536e-01 7448069
5.537e-01 7449510
5.538e-01 7450954
5.539e-01 7452426
5.540e-01 7453859
5.541e-01 7455371
5.542e-01 7456804
5.543e-01 7458249
5.544e-01 7459743
5.545e-01 7461191
5.546e-01 7462643
5.547e-01 7464210
5.548e-01 7465659
5.549e-01 7467041
5.550e-01 7468509
5.551e-01 7469970
5.552e-01 7471398
5.553e-01 7472839
5.554e-01 7474381
5.555e-01 7475853
5.556e-01 7477261
5.557e-01 7478680
5.558e-01 7480123
5.559e-01 7481609
5.560e-01 7483122
5.561e-01 7484563
5.562e-01 7485967
5.563e-01 7487393
5.564e-01 7488885
5.565e-01 7490312
5.566e-01 7491779
5.567e-01 7493327
5.568e-01 7494762
5.569e-01 7496202
5.570e-01 7497625
5.571e-01 7499126
5.572e-01 7500590
5.573e-01 7502113
5.574e-01 7503579
5.575e-01 7504996
5.576e-01 7506461
5.577e-01 7507912
5.578e-01 7509384
5.579e-01 7510946
5.580e-01 7512389
5.581e-01 7513857
5.582e-01 7515275
5.583e-01 7516728
5.584e-01 7518144
5.585e-01 7519615
5.586e-01 7521153
5.587e-01 7522634
5.588e-01 7524076
5.589e-01 7525537
5.590e-01 7526978
5.591e-01 7528417
5.592e-01 7530000
5.593e-01 7531413
5.594e-01 7532853
5.595e-01 7534286
5.596e-01 7535752
5.597e-01 7537211
5.598e-01 7538663
5.599e-01 7540190
5.600e-01 7541666
5.601e-01 7543107
5.602e-01 7544574
5.603e-01 7545985
5.604e-01 7547437
5.605e-01 7548962
5.606e-01 7550367
5.607e-01 7551827
5.608e-01 7553286
5.609e-01 7554756
5.610e-01 7556207
5.611e-01 7557747
5.612e-01 7559200
5.613e-01 7560691
5.614e-01 7562146
5.615e-01 7563579
5.616e-01 7565016
5.617e-01 7566415
5.618e-01 7567972
5.619e-01 7569451
5.620e-01 7570894
5.621e-01 7572341
5.622e-01 7573794
5.623e-01 7575251
5.624e-01 7576810
5.625e-01 7578256
5.626e-01 7579712
5.627e-01 7581138
5.628e-01 7582613
5.629e-01 7584020
5.630e-01 7585470
5.631e-01 7586976
5.632e-01 7588396
5.633e-01 7589835
5.634e-01 7591292
5.635e-01 7592734
5.636e-01 7594216
5.637e-01 7595752
5.638e-01 7597202
5.639e-01 7598670
5.640e-01 7600117
5.641e-01 7601575
5.642e-01 7603037
5.643e-01 7604577
5.644e-01 7606054
5.645e-01 7607506
5.646e-01 7608946
5.647e-01 7610390
5.648e-01 7611850
5.649e-01 7613289
5.650e-01 7614837
5.651e-01 7616276
5.652e-01 7617713
5.653e-01 7619151
5.654e-01 7620556
5.655e-01 7622000
5.656e-01 7623554
5.657e-01 7625031
5.658e-01 7626469
5.659e-01 7627898
5.660e-01 7629349
5.661e-01 7630774
5.662e-01 7632182
5.663e-01 7633713
5.664e-01 7635194
5.665e-01 7636684
5.666e-01 7638122
5.667e-01 7639606
5.668e-01 7641035
5.669e-01 7642576
5.670e-01 7644040
5.671e-01 7645538
5.672e-01 7647025
5.673e-01 7648461
5.674e-01 7649893
5.675e-01 7651410
5.676e-01 7652875
5.677e-01 7654333
5.678e-01 7655797
5.679e-01 7657244
5.680e-01 7658658
5.681e-01 7660072
5.682e-01 7661607
5.683e-01 7663089
5.684e-01 7664566
5.685e-01 7666056
5.686e-01 7667467
5.687e-01 7668932
5.688e-01 7670424
5.689e-01 7671877
5.690e-01 7673325
5.691e-01 7674775
5.692e-01 7676220
5.693e-01 7677653
5.694e-01 7679108
5.695e-01 7680636
5.696e-01 7682032
5.697e-01 7683474
5.698e-01 7684903
5.699e-01 7686340
5.700e-01 7687774
5.701e-01 7689302
5.702e-01 7690735
5.703e-01 7692180
5.704e-01 7693600
5.705e-01 7695040
5.706e-01 7696433
5.707e-01 7697983
5.708e-01 7699470
5.709e-01 7700928
5.710e-01 7702410
5.711e-01 7703928
5.712e-01 7705383
5.713e-01 7706821
5.714e-01 7708368
5.715e-01 7709815
5.716e-01 7711225
5.717e-01 7712670
5.718e-01 7714094
5.719e-01 7715557
5.720e-01 7717100
5.721e-01 7718551
5.722e-01 7720003
5.723e-01 7721462
5.724e-01 7722924
5.725e-01 7724351
5.726e-01 7725821
5.727e-01 7727363
5.728e-01 7728779
5.729e-01 7730226
5.730e-01 7731647
5.731e-01 7733053
5.732e-01 7734510
5.733e-01 7736019
5.734e-01 7737472
5.735e-01 7738924
5.736e-01 7740380
5.737e-01 7741814
5.738e-01 7743288
5.739e-01 7744830
5.740e-01 7746257
5.741e-01 7747711
5.742e-01 7749158
5.743e-01 7750608
5.744e-01 7752044
5.745e-01 7753517
5.746e-01 7755074
5.747e-01 7756520
5.748e-01 7757957
5.749e-01 7759423
5.750e-01 7760862
5.751e-01 7762282
5.752e-01 7763798
5.753e-01 7765264
5.754e-01 7766694
5.755e-01 7768091
5.756e-01 7769569
5.757e-01 7771015
5.758e-01 7772453
5.759e-01 7773992
5.760e-01 7775406
5.761e-01 7776854
5.762e-01 7778276
5.763e-01 7779698
5.764e-01 7781160
5.765e-01 7782665
5.766e-01 7784129
5.767e-01 7785585
5.768e-01 7787023
5.769e-01 7788531
5.770e-01 7789969
5.771e-01 7791508
5.772e-01 7792930
5.773e-01 7794347
5.774e-01 7795767
5.775e-01 7797235
5.776e-01 7798720
5.777e-01 7800152
5.778e-01 7801714
5.779e-01 7803145
5.780e-01 7804625
5.781e-01 7806079
5.782e-01 7807529
5.783e-01 7808967
5.784e-01 7810474
5.785e-01 7811952
5.786e-01 7813427
5.787e-01 7814906
5.788e-01 7816380
5.789e-01 7817850
5.790e-01 7819326
5.791e-01 7820852
5.792e-01 7822279
5.793e-01 7823737
5.794e-01 7825196
5.795e-01 7826619
5.796e-01 7828055
5.797e-01 7829607
5.798e-01 7831026
5.799e-01 7832508
5.800e-01 7834005
5.801e-01 7835443
5.802e-01 7836916
5.803e-01 7838370
5.804e-01 7839842
5.805e-01 7841318
5.806e-01 7842778
5.807e-01 7844208
5.808e-01 7845691
5.809e-01 7847147
5.810e-01 7848605
5.811e-01 7850058
5.812e-01 7851531
5.813e-01 7852984
5.814e-01 7854410
5.815e-01 7855927
5.816e-01 7857367
5.817e-01 7858834
5.818e-01 7860325
5.819e-01 7861766
5.820e-01 7863247
5.821e-01 7864738
5.822e-01 7866180
5.823e-01 7867640
5.824e-01 7869179
5.825e-01 7870657
5.826e-01 7872122
5.827e-01 7873606
5.828e-01 7875082
5.829e-01 7876558
5.830e-01 7878009
5.831e-01 7879476
5.832e-01 7880959
5.833e-01 7882464
5.834e-01 7883926
5.835e-01 7885369
5.836e-01 7886814
5.837e-01 7888326
5.838e-01 7889830
5.839e-01 7891320
5.840e-01 7892761
5.841e-01 7894269
5.842e-01 7895741
5.843e-01 7897187
5.844e-01 7898640
5.845e-01 7900120
5.846e-01 7901581
5.847e-01 7903051
5.848e-01 7904487
5.849e-01 7905915
5.850e-01 7907359
5.851e-01 7908788
5.852e-01 7910335
5.853e-01 7911791
5.854e-01 7913284
5.855e-01 7914736
5.856e-01 7916226
5.857e-01 7917703
5.858e-01 7919151
5.859e-01 7920587
5.860e-01 7922043
5.861e-01 7923484
5.862e-01 7924933
5.863e-01 7926448
5.864e-01 7927917
5.865e-01 7929388
5.866e-01 7930884
5.867e-01 7932384
5.868e-01 7933832
5.869e-01 7935330
5.870e-01 7936753
5.871e-01 7938179
5.872e-01 7939649
5.873e-01 7941122
5.874e-01 7942610
5.875e-01 7944067
5.876e-01 7945529
5.877e-01 7947006
5.878e-01 7948431
5.879e-01 7949852
5.880e-01 7951385
5.881e-01 7952876
5.882e-01 7954347
5.883e-01 7955828
5.884e-01 7957275
5.885e-01 7958744
5.886e-01 7960222
5.887e-01 7961701
5.888e-01 7963159
5.889e-01 7964652
5.890e-01 7966117
5.891e-01 7967584
5.892e-01 7969031
5.893e-01 7970510
5.894e-01 7971971
5.895e-01 7973437
5.896e-01 7974899
5.897e-01 7976347
5.898e-01 7977809
5.899e-01 7979293
5.900e-01 7980753
5.901e-01 7982218
5.902e-01 7983660
5.903e-01 7985101
5.904e-01 7986565
5.905e-01 7988019
5.906e-01 7989449
5.907e-01 7990898
5.908e-01 7992465
5.909e-01 7993979
5.910e-01 7995450
5.911e-01 7996906
5.912e-01 7998362
5.913e-01 7999876
5.914e-01 8001353
5.915e-01 8002832
5.916e-01 8004322
5.917e-01 8005808
5.918e-01 8007273
5.919e-01 8008724
5.920e-01 8010178
5.921e-01 8011618
5.922e-01 8013105
5.923e-01 8014584
5.924e-01 8016062
5.925e-01 8017552
5.926e-01 8019006
5.927e-01 8020451
5.928e-01 8021946
5.929e-01 8023427
5.930e-01 8024912
5.931e-01 8026391
5.932e-01 8027887
5.933e-01 8029379
5.934e-01 8030901
5.935e-01 8032361
5.936e-01 8033876
5.937e-01 8035386
5.938e-01 8036822
5.939e-01 8038313
5.940e-01 8039777
5.941e-01 8041267
5.942e-01 8042743
5.943e-01 8044199
5.944e-01 8045662
5.945e-01 8047130
5.946e-01 8048592
5.947e-01 8050066
5.948e-01 8051488
5.949e-01 8052934
5.950e-01 8054436
5.951e-01 8055901
5.952e-01 8057391
5.953e-01 8058872
5.954e-01 8060289
5.955e-01 8061752
5.956e-01 8063202
5.957e-01 8064652
5.958e-01 8066124
5.959e-01 8067582
5.960e-01 8069032
5.961e-01 8070514
5.962e-01 8071955
5.963e-01 8073427
5.964e-01 8074949
5.965e-01 8076439
5.966e-01 8077900
5.967e-01 8079374
5.968e-01 8080847
5.969e-01 8082325
5.970e-01 8083796
5.971e-01 8085289
5.972e-01 8086726
5.973e-01 8088182
5.974e-01 8089639
5.975e-01 8091044
5.976e-01 8092501
5.977e-01 8093978
5.978e-01 8095441
5.979e-01 8096904
5.980e-01 8098381
5.981e-01 8099839
5.982e-01 8101294
5.983e-01 8102737
5.984e-01 8104214
5.985e-01 8105681
5.986e-01 8107184
5.987e-01 8108658
5.988e-01 8110119
5.989e-01 8111576
5.990e-01 8113026
5.991e-01 8114471
5.992e-01 8116029
5.993e-01 8117493
5.994e-01 8118918
5.995e-01 8120407
5.996e-01 8121878
5.997e-01 8123331
5.998e-01 8124780
5.999e-01 8126254
6.000e-01 8127733
6.001e-01 8129232
6.002e-01 8130673
6.003e-01 8132137
6.004e-01 8133598
6.005e-01 8135046
6.006e-01 8136518
6.007e-01 8137973
6.008e-01 8139445
6.009e-01 8140919
6.010e-01 8142394
6.011e-01 8143847
6.012e-01 8145314
6.013e-01 8146769
6.014e-01 8148251
6.015e-01 8149727
6.016e-01 8151201
6.017e-01 8152683
6.018e-01 8154139
6.019e-01 8155578
6.020e-01 8157112
6.021e-01 8158582
6.022e-01 8160013
6.023e-01 8161466
6.024e-01 8162939
6.025e-01 8164411
6.026e-01 8165875
6.027e-01 8167344
6.028e-01 8168807
6.029e-01 8170291
6.030e-01 8171735
6.031e-01 8173224
6.032e-01 8174674
6.033e-01 8176159
6.034e-01 8177626
6.035e-01 8179080
6.036e-01 8180556
6.037e-01 8181990
6.038e-01 8183430
6.039e-01 8184877
6.040e-01 8186311
6.041e-01 8187766
6.042e-01 8189230
6.043e-01 8190703
6.044e-01 8192168
6.045e-01 8193653
6.046e-01 8195093
6.047e-01 8196598
6.048e-01 8198047
6.049e-01 8199474
6.050e-01 8200885
6.051e-01 8202363
6.052e-01 8203844
6.053e-01 8205287
6.054e-01 8206717
6.055e-01 8208181
6.056e-01 8209653
6.057e-01 8211130
6.058e-01 8212583
6.059e-01 8214030
6.060e-01 8215467
6.061e-01 8216965
6.062e-01 8218389
6.063e-01 8219848
6.064e-01 8221273
6.065e-01 8222769
6.066e-01 8224227
6.067e-01 8225651
6.068e-01 8227108
6.069e-01 8228544
6.070e-01 8230004
6.071e-01 8231504
6.072e-01 8232959
6.073e-01 8234436
6.074e-01 8235929
6.075e-01 8237458
6.076e-01 8238829
6.077e-01 8240314
6.078e-01 8241748
6.079e-01 8243218
6.080e-01 8244688
6.081e-01 8246134
6.082e-01 8247607
6.083e-01 8249030
6.084e-01 8250479
6.085e-01 8251926
6.086e-01 8253410
6.087e-01 8254911
6.088e-01 8256383
6.089e-01 8257811
6.090e-01 8259287
6.091e-01 8260785
6.092e-01 8262274
6.093e-01 8263778
6.094e-01 8265222
6.095e-01 8266695
6.096e-01 8268161
6.097e-01 8269616
6.098e-01 8271088
6.099e-01 8272548
6.100e-01 8273981
6.101e-01 8275442
6.102e-01 8276904
6.103e-01 8278368
6.104e-01 8279803
6.105e-01 8281230
6.106e-01 8282714
6.107e-01 8284208
6.108e-01 8285677
6.109e-01 8287116
6.110e-01 8288541
6.111e-01 8290053
6.112e-01 8291488
6.113e-01 8292966
6.114e-01 8294388
6.115e-01 8295856
6.116e-01 8297357
6.117e-01 8298847
6.118e-01 8300293
6.119e-01 8301780
6.120e-01 8303213
6.121e-01 8304699
6.122e-01 8306095
6.123e-01 8307531
6.124e-01 8309012
6.125e-01 8310502
6.126e-01 8311966
6.127e-01 8313414
6.128e-01 8314888
6.129e-01 8316318
6.130e-01 8317764
6.131e-01 8319204
6.132e-01 8320685
6.133e-01 8322105
6.134e-01 8323553
6.135e-01 8325001
6.136e-01 8326478
6.137e-01 8327972
6.138e-01 8329447
6.139e-01 8330918
6.140e-01 8332368
6.141e-01 8333812
6.142e-01 8335293
6.143e-01 8336770
6.144e-01 8338245
6.145e-01 8339642
6.146e-01 8341080
6.147e-01 8342538
6.148e-01 8343986
6.149e-01 8345426
6.150e-01 8346883
6.151e-01 8348360
6.152e-01 8349806
6.153e-01 8351243
6.154e-01 8352666
6.155e-01 8354132
6.156e-01 8355559
6.157e-01 8357027
6.158e-01 8358475
6.159e-01 8359928
6.160e-01 8361391
6.161e-01 8362857
6.162e-01 8364283
6.163e-01 8365758
6.164e-01 8367223
6.165e-01 8368737
6.166e-01 8370186
6.167e-01 8371606
6.168e-01 8373084
6.169e-01 8374530
6.170e-01 8376010
6.171e-01 8377490
6.172e-01 8378927
6.173e-01 8380361
6.174e-01 8381746
6.175e-01 8383210
6.176e-01 8384649
6.177e-01 8386062
6.178e-01 8387548
6.179e-01 8389014
6.180e-01 8390461
6.181e-01 8391956
6.182e-01 8393435
6.183e-01 8394921
6.184e-01 8396383
6.185e-01 8397832
6.186e-01 8399325
6.187e-01 8400792
6.188e-01 8402248
6.189e-01 8403744
6.190e-01 8405165
6.191e-01 8406646
6.192e-01 8408096
6.193e-01 8409538
6.194e-01 8411015
6.195e-01 8412490
6.196e-01 8413946
6.197e-01 8415379
6.198e-01 8416860
6.199e-01 8418329
6.200e-01 8419769
6.201e-01 8421254
6.202e-01 8422692
6.203e-01 8424161
6.204e-01 8425644
6.205e-01 8427075
6.206e-01 8428570
6.207e-01 8430003
6.208e-01 8431441
6.209e-01 8432922
6.210e-01 8434327
6.211e-01 8435760
6.212e-01 8437246
6.213e-01 8438698
6.214e-01 8440176
6.215e-01 8441612
6.216e-01 8443038
6.217e-01 8444510
6.218e-01 8445936
6.219e-01 8447415
6.220e-01 8448875
6.221e-01 8450356
6.222e-01 8451814
6.223e-01 8453256
6.224e-01 8454687
6.225e-01 8456128
6.226e-01 8457526
6.227e-01 8458953
6.228e-01 8460389
6.229e-01 8461849
6.230e-01 8463383
6.231e-01 8464807
6.232e-01 8466289
6.233e-01 8467704
6.234e-01 8469153
6.235e-01 8470609
6.236e-01 8472064
6.237e-01 8473545
6.238e-01 8474988
6.239e-01 8476489
6.240e-01 8477998
6.241e-01 8479425
6.242e-01 8480857
6.243e-01 8482263
6.244e-01 8483740
6.245e-01 8485191
6.246e-01 8486617
6.247e-01 8488059
6.248e-01 8489538
6.249e-01 8490900
6.250e-01 8492399
6.251e-01 8493811
6.252e-01 8495275
6.253e-01 8496721
6.254e-01 8498162
6.255e-01 8499593
6.256e-01 8501051
6.257e-01 8502522
6.258e-01 8504028
6.259e-01 8505476
6.260e-01 8506896
6.261e-01 8508364
6.262e-01 8509779
6.263e-01 8511282
6.264e-01 8512699
6.265e-01 8514161
6.266e-01 8515660
6.267e-01 8517078
6.268e-01 8518565
6.269e-01 8520004
6.270e-01 8521430
6.271e-01 8522927
6.272e-01 8524398
6.273e-01 8525817
6.274e-01 8527241
6.275e-01 8528675
6.276e-01 8530136
6.277e-01 8531602
6.278e-01 8533054
6.279e-01 8534535
6.280e-01 8535953
6.281e-01 8537419
6.282e-01 8538873
6.283e-01 8540342
6.284e-01 8541802
6.285e-01 8543263
6.286e-01 8544721
6.287e-01 8546185
6.288e-01 8547591
6.289e-01 8549023
6.290e-01 8550485
6.291e-01 8551937
6.292e-01 8553454
6.293e-01 8554910
6.294e-01 8556356
6.295e-01 8557772
6.296e-01 8559202
6.297e-01 8560629
6.298e-01 8562047
6.299e-01 8563501
6.300e-01 8564952
6.301e-01 8566402
6.302e-01 8567933
6.303e-01 8569409
6.304e-01 8570881
6.305e-01 8572350
6.306e-01 8573803
6.307e-01 8575247
6.308e-01 8576706
6.309e-01 8578156
6.310e-01 8579621
6.311e-01 8581066
6.312e-01 8582527
6.313e-01 8583985
6.314e-01 8585374
6.315e-01 8586819
6.316e-01 8588226
6.317e-01 8589655
6.318e-01 8591138
6.319e-01 8592602
6.320e-01 8594063
6.321e-01 8595486
6.322e-01 8596919
6.323e-01 8598411
6.324e-01 8599836
6.325e-01 8601301
6.326e-01 8602735
6.327e-01 8604223
6.328e-01 8605697
6.329e-01 8607111
6.330e-01 8608540
6.331e-01 8610001
6.332e-01 8611446
6.333e-01 8612891
6.334e-01 8614328
6.335e-01 8615779
6.336e-01 8617225
6.337e-01 8618709
6.338e-01 8620152
6.339e-01 8621599
6.340e-01 8623060
6.341e-01 8624509
6.342e-01 8626002
6.343e-01 8627468
6.344e-01 8628907
6.345e-01 8630355
6.346e-01 8631803
6.347e-01 8633277
6.348e-01 8634720
6.349e-01 8636140
6.350e-01 8637601
6.351e-01 8639039
6.352e-01 8640477
6.353e-01 8641939
6.354e-01 8643393
6.355e-01 8644825
6.356e-01 8646293
6.357e-01 8647743
6.358e-01 8649174
6.359e-01 8650622
6.360e-01 8652060
6.361e-01 8653496
6.362e-01 8654960
6.363e-01 8656389
6.364e-01 8657847
6.365e-01 8659318
6.366e-01 8660765
6.367e-01 8662210
6.368e-01 8663683
6.369e-01 8665119
6.370e-01 8666601
6.371e-01 8668072
6.372e-01 8669524
6.373e-01 8670988
6.374e-01 8672446
6.375e-01 8673850
6.376e-01 8675288
6.377e-01 8676744
6.378e-01 8678152
6.379e-01 8679602
6.380e-01 8681067
6.381e-01 8682511
6.382e-01 8683959
6.383e-01 8685399
6.384e-01 8686817
6.385e-01 8688272
6.386e-01 8689729
6.387e-01 8691145
6.388e-01 8692625
6.389e-01 8694064
6.390e-01 8695522
6.391e-01 8696943
6.392e-01 8698363
6.393e-01 8699804
6.394e-01 8701251
6.395e-01 8702726
6.396e-01 8704179
6.397e-01 8705604
6.398e-01 8707043
6.399e-01 8708501
6.400e-01 8709960
6.401e-01 8711365
6.402e-01 8712795
6.403e-01 8714209
6.404e-01 8715665
6.405e-01 8717110
6.406e-01 8718564
6.407e-01 8719988
6.408e-01 8721415
6.409e-01 8722842
6.410e-01 8724292
6.411e-01 8725722
6.412e-01 8727160
6.413e-01 8728590
6.414e-01 8730062
6.415e-01 8731451
6.416e-01 8732908
6.417e-01 8734321
6.418e-01 8735800
6.419e-01 8737250
6.420e-01 8738667
6.421e-01 8740093
6.422e-01 8741471
6.423e-01 8742913
6.424e-01 8744389
6.425e-01 8745790
6.426e-01 8747242
6.427e-01 8748667
6.428e-01 8750106
6.429e-01 8751569
6.430e-01 8753005
6.431e-01 8754466
6.432e-01 8755899
6.433e-01 8757327
6.434e-01 8758775
6.435e-01 8760219
6.436e-01 8761684
6.437e-01 8763155
6.438e-01 8764631
6.439e-01 8766125
6.440e-01 8767571
6.441e-01 8769017
6.442e-01 8770467
6.443e-01 8771939
6.444e-01 8773350
6.445e-01 8774810
6.446e-01 8776272
6.447e-01 8777753
6.448e-01 8779164
6.449e-01 8780629
6.450e-01 8782098
6.451e-01 8783527
6.452e-01 8784937
6.453e-01 8786350
6.454e-01 8787800
6.455e-01 8789279
6.456e-01 8790718
6.457e-01 8792172
6.458e-01 8793662
6.459e-01 8795115
6.460e-01 8796563
6.461e-01 8798013
6.462e-01 8799423
6.463e-01 8800869
6.464e-01 8802314
6.465e-01 8803768
6.466e-01 8805225
6.467e-01 8806715
6.468e-01 8808145
6.469e-01 8809596
6.470e-01 8811067
6.471e-01 8812473
6.472e-01 8813886
6.473e-01 8815296
6.474e-01 8816731
6.475e-01 8818166
6.476e-01 8819602
6.477e-01 8821067
6.478e-01 8822495
6.479e-01 8823999
6.480e-01 8825424
6.481e-01 8826858
6.482e-01 8828309
6.483e-01 8829710
6.484e-01 8831116
6.485e-01 8832583
6.486e-01 8834015
6.487e-01 8835476
6.488e-01 8836908
6.489e-01 8838326
6.490e-01 8839749
6.491e-01 8841204
6.492e-01 8842622
6.493e-01 8844074
6.494e-01 8845529
6.495e-01 8846990
6.496e-01 8848427
6.497e-01 8849879
6.498e-01 8851328
6.499e-01 8852762
6.500e-01 8854250
6.501e-01 8855665
6.502e-01 8857102
6.503e-01 8858561
6.504e-01 8859943
6.505e-01 8861366
6.506e-01 8862801
6.507e-01 8864254
6.508e-01 8865652
6.509e-01 8867080
6.510e-01 8868530
6.511e-01 8869982
6.512e-01 8871450
6.513e-01 8872893
6.514e-01 8874331
6.515e-01 8875762
6.516e-01 8877145
6.517e-01 8878624
6.518e-01 8880074
6.519e-01 8881520
6.520e-01 8882990
6.521e-01 8884407
6.522e-01 8885843
6.523e-01 8887314
6.524e-01 8888772
6.525e-01 8890203
6.526e-01 8891655
6.527e-01 8893168
6.528e-01 8894596
6.529e-01 8896028
6.530e-01 8897465
6.531e-01 8898921
6.532e-01 8900350
6.533e-01 8901771
6.534e-01 8903198
6.535e-01 8904669
6.536e-01 8906094
6.537e-01 8907543
6.538e-01 8908959
6.539e-01 8910387
6.540e-01 8911816
6.541e-01 8913236
6.542e-01 8914670
6.543e-01 8916086
6.544e-01 8917523
6.545e-01 8918980
6.546e-01 8920437
6.547e-01 8921874
6.548e-01 8923304
6.549e-01 8924777
6.550e-01 8926215
6.551e-01 8927699
6.552e-01 8929122
6.553e-01 8930585
6.554e-01 8931991
6.555e-01 8933411
6.556e-01 8934861
6.557e-01 8936326
6.558e-01 8937765
6.559e-01 8939241
6.560e-01 8940686
6.561e-01 8942184
6.562e-01 8943615
6.563e-01 8945024
6.564e-01 8946446
6.565e-01 8947872
6.566e-01 8949320
6.567e-01 8950740
6.568e-01 8952126
6.569e-01 8953548
6.570e-01 8954997
6.571e-01 8956391
6.572e-01 8957807
6.573e-01 8959176
6.574e-01 8960595
6.575e-01 8961994
6.576e-01 8963447
6.577e-01 8964864
6.578e-01 8966316
6.579e-01 8967709
6.580e-01 8969168
6.581e-01 8970585
6.582e-01 8972027
6.583e-01 8973441
6.584e-01 8974862
6.585e-01 8976307
6.586e-01 8977718
6.587e-01 8979159
6.588e-01 8980615
6.589e-01 8982057
6.590e-01 8983464
6.591e-01 8984925
6.592e-01 8986343
6.593e-01 8987752
6.594e-01 8989156
6.595e-01 8990586
6.596e-01 8992051
6.597e-01 8993500
6.598e-01 8994888
6.599e-01 8996347
6.600e-01 8997781
6.601e-01 8999219
6.602e-01 9000648
6.603e-01 9002045
6.604e-01 9003469
6.605e-01 9004874
6.606e-01 9006340
6.607e-01 9007747
6.608e-01 9009156
6.609e-01 9010537
6.610e-01 9011962
6.611e-01 9013381
6.612e-01 9014882
6.613e-01 9016307
6.614e-01 9017775
6.615e-01 9019193
6.616e-01 9020587
6.617e-01 9022022
6.618e-01 9023501
6.619e-01 9024953
6.620e-01 9026373
6.621e-01 9027803
6.622e-01 9029219
6.623e-01 9030690
6.624e-01 9032137
6.625e-01 9033565
6.626e-01 9034973
6.627e-01 9036454
6.628e-01 9037905
6.629e-01 9039323
6.630e-01 9040699
6.631e-01 9042093
6.632e-01 9043584
6.633e-01 9045035
6.634e-01 9046450
6.635e-01 9047888
6.636e-01 9049320
6.637e-01 9050774
6.638e-01 9052208
6.639e-01 9053643
6.640e-01 9055074
6.641e-01 9056529
6.642e-01 9057977
6.643e-01 9059439
6.644e-01 9060862
6.645e-01 9062319
6.646e-01 9063770
6.647e-01 9065201
6.648e-01 9066610
6.649e-01 9068021
6.650e-01 9069457
6.651e-01 9070922
6.652e-01 9072301
6.653e-01 9073707
6.654e-01 9075191
6.655e-01 9076599
6.656e-01 9077997
6.657e-01 9079432
6.658e-01 9080911
6.659e-01 9082375
6.660e-01 9083741
6.661e-01 9085159
6.662e-01 9086594
6.663e-01 9087987
6.664e-01 9089440
6.665e-01 9090925
6.666e-01 9092344
6.667e-01 9093738
6.668e-01 9095148
6.669e-01 9096531
6.670e-01 9097964
6.671e-01 9099422
6.672e-01 9100832
6.673e-01 9102265
6.674e-01 9103638
6.675e-01 9105084
6.676e-01 9106566
6.677e-01 9107934
6.678e-01 9109372
6.679e-01 9110798
6.680e-01 9112233
6.681e-01 9113661
6.682e-01 9115090
6.683e-01 9116479
6.684e-01 9117947
6.685e-01 9119355
6.686e-01 9120810
6.687e-01 9122323
6.688e-01 9123690
6.689e-01 9125140
6.690e-01 9126594
6.691e-01 9128018
6.692e-01 9129403
6.693e-01 9130838
6.694e-01 9132284
6.695e-01 9133720
6.696e-01 9135170
6.697e-01 9136554
6.698e-01 9137999
6.699e-01 9139382
6.700e-01 9140794
6.701e-01 9142212
6.702e-01 9143621
6.703e-01 9145071
6.704e-01 9146474
6.705e-01 9147877
6.706e-01 9149342
6.707e-01 9150782
6.708e-01 9152234
6.709e-01 9153668
6.710e-01 9155090
6.711e-01 9156507
6.712e-01 9157956
6.713e-01 9159387
6.714e-01 9160818
6.715e-01 9162249
6.716e-01 9163689
6.717e-01 9165124
6.718e-01 9166525
6.719e-01 9167955
6.720e-01 9169443
6.721e-01 9170829
6.722e-01 9172209
6.723e-01 9173628
6.724e-01 9175069
6.725e-01 9176520
6.726e-01 9177936
6.727e-01 9179346
6.728e-01 9180788
6.729e-01 9182204
6.730e-01 9183614
6.731e-01 9185067
6.732e-01 9186514
6.733e-01 9187930
6.734e-01 9189344
6.735e-01 9190758
6.736e-01 9192141
6.737e-01 9193576
6.738e-01 9195001
6.739e-01 9196425
6.740e-01 9197872
6.741e-01 9199286
6.742e-01 9200759
6.743e-01 9202188
6.744e-01 9203610
6.745e-01 9205041
6.746e-01 9206439
6.747e-01 9207902
6.748e-01 9209332
6.749e-01 9210789
6.750e-01 9212227
6.751e-01 9213647
6.752e-01 9215053
6.753e-01 9216458
6.754e-01 9217879
6.755e-01 9219344
6.756e-01 9220785
6.757e-01 9222159
6.758e-01 9223595
6.759e-01 9225026
6.760e-01 9226431
6.761e-01 9227863
6.762e-01 9229264
6.763e-01 9230719
6.764e-01 9232169
6.765e-01 9233567
6.766e-01 9235027
6.767e-01 9236431
6.768e-01 9237841
6.769e-01 9239299
6.770e-01 9240729
6.771e-01 9242131
6.772e-01 9243526
6.773e-01 9244935
6.774e-01 9246366
6.775e-01 9247812
6.776e-01 9249223
6.777e-01 9250608
6.778e-01 9252011
6.779e-01 9253424
6.780e-01 9254829
6.781e-01 9256252
6.782e-01 9257655
6.783e-01 9259071
6.784e-01 9260525
6.785e-01 9261953
6.786e-01 9263356
6.787e-01 9264768
6.788e-01 9266193
6.789e-01 9267661
6.790e-01 9269080
6.791e-01 9270483
6.792e-01 9271891
6.793e-01 9273248
6.794e-01 9274674
6.795e-01 9276052
6.796e-01 9277467
6.797e-01 9278903
6.798e-01 9280324
6.799e-01 9281763
6.800e-01 9283219
6.801e-01 9284642
6.802e-01 9286068
6.803e-01 9287525
6.804e-01 9288992
6.805e-01 9290416
6.806e-01 9291848
6.807e-01 9293246
6.808e-01 9294649
6.809e-01 9296169
6.810e-01 9297596
6.811e-01 9299032
6.812e-01 9300431
6.813e-01 9301822
6.814e-01 9303250
6.815e-01 9304654
6.816e-01 9306026
6.817e-01 9307445
6.818e-01 9308866
6.819e-01 9310301
6.820e-01 9311701
6.821e-01 9313139
6.822e-01 9314568
6.823e-01 9315955
6.824e-01 9317394
6.825e-01 9318847
6.826e-01 9320272
6.827e-01 9321730
6.828e-01 9323146
6.829e-01 9324626
6.830e-01 9325987
6.831e-01 9327422
6.832e-01 9328861
6.833e-01 9330260
6.834e-01 9331669
6.835e-01 9333020
6.836e-01 9334424
6.837e-01 9335820
6.838e-01 9337245
6.839e-01 9338696
6.840e-01 9340089
6.841e-01 9341487
6.842e-01 9342877
6.843e-01 9344266
6.844e-01 9345721
6.845e-01 9347192
6.846e-01 9348634
6.847e-01 9350043
6.848e-01 9351423
6.849e-01 9352872
6.850e-01 9354280
6.851e-01 9355631
6.852e-01 9357003
6.853e-01 9358415
6.854e-01 9359883
6.855e-01 9361320
6.856e-01 9362723
6.857e-01 9364135
6.858e-01 9365561
6.859e-01 9367027
6.860e-01 9368439
6.861e-01 9369849
6.862e-01 9371280
6.863e-01 9372745
6.864e-01 9374178
6.865e-01 9375617
6.866e-01 9377049
6.867e-01 9378453
6.868e-01 9379868
6.869e-01 9381274
6.870e-01 9382717
6.871e-01 9384093
6.872e-01 9385496
6.873e-01 9386900
6.874e-01 9388357
6.875e-01 9389744
6.876e-01 9391132
6.877e-01 9392563
6.878e-01 9393977
6.879e-01 9395451
6.880e-01 9396828
6.881e-01 9398262
6.882e-01 9399702
6.883e-01 9401168
6.884e-01 9402596
6.885e-01 9404008
6.886e-01 9405453
6.887e-01 9406836
6.888e-01 9408214
6.889e-01 9409625
6.890e-01 9411056
6.891e-01 9412478
6.892e-01 9413874
6.893e-01 9415230
6.894e-01 9416677
6.895e-01 9418046
6.896e-01 9419451
6.897e-01 9420855
6.898e-01 9422345
6.899e-01 9423746
6.900e-01 9425121
6.901e-01 9426525
6.902e-01 9428018
6.903e-01 9429494
6.904e-01 9430880
6.905e-01 9432292
6.906e-01 9433685
6.907e-01 9435072
6.908e-01 9436518
6.909e-01 9437870
6.910e-01 9439263
6.911e-01 9440707
6.912e-01 9442057
6.913e-01 9443492
6.914e-01 9444837
6.915e-01 9446266
6.916e-01 9447699
6.917e-01 9449103
6.918e-01 9450550
6.919e-01 9451936
6.920e-01 9453331
6.921e-01 9454755
6.922e-01 9456170
6.923e-01 9457644
6.924e-01 9459058
6.925e-01 9460429
6.926e-01 9461817
6.927e-01 9463287
6.928e-01 9464684
6.929e-01 9466081
6.930e-01 9467456
6.931e-01 9468854
6.932e-01 9470259
6.933e-01 9471661
6.934e-01 9473075
6.935e-01 9474531
6.936e-01 9475948
6.937e-01 9477343
6.938e-01 9478756
6.939e-01 9480171
6.940e-01 9481610
6.941e-01 9483029
6.942e-01 9484452
6.943e-01 9485884
6.944e-01 9487292
6.945e-01 9488690
6.946e-01 9490117
6.947e-01 9491530
6.948e-01 9492948
6.949e-01 9494342
6.950e-01 9495757
6.951e-01 9497129
6.952e-01 9498531
6.953e-01 9499966
6.954e-01 9501372
6.955e-01 9502746
6.956e-01 9504172
6.957e-01 9505562
6.958e-01 9507052
6.959e-01 9508461
6.960e-01 9509807
6.961e-01 9511195
6.962e-01 9512656
6.963e-01 9514136
6.964e-01 9515518
6.965e-01 9516912
6.966e-01 9518330
6.967e-01 9519713
6.968e-01 9521180
6.969e-01 9522546
6.970e-01 9523958
6.971e-01 9525321
6.972e-01 9526813
6.973e-01 9528249
6.974e-01 9529658
6.975e-01 9531083
6.976e-01 9532534
6.977e-01 9533900
6.978e-01 9535287
6.979e-01 9536712
6.980e-01 9538066
6.981e-01 9539463
6.982e-01 9540830
6.983e-01 9542226
6.984e-01 9543607
6.985e-01 9545040
6.986e-01 9546448
6.987e-01 9547904
6.988e-01 9549328
6.989e-01 9550756
6.990e-01 9552199
6.991e-01 9553573
6.992e-01 9554950
6.993e-01 9556344
6.994e-01 9557752
6.995e-01 9559175
6.996e-01 9560578
6.997e-01 9561957
6.998e-01 9563433
6.999e-01 9564792
7.000e-01 9566211
7.001e-01 9567587
7.002e-01 9568998
7.003e-01 9570446
7.004e-01 9571839
7.005e-01 9573259
7.006e-01 9574683
7.007e-01 9576094
7.008e-01 9577499
7.009e-01 9578924
7.010e-01 9580318
7.011e-01 9581771
7.012e-01 9583142
7.013e-01 9584552
7.014e-01 9585988
7.015e-01 9587410
7.016e-01 9588811
7.017e-01 9590217
7.018e-01 9591649
7.019e-01 9593067
7.020e-01 9594463
7.021e-01 9595910
7.022e-01 9597334
7.023e-01 9598748
7.024e-01 9600144
7.025e-01 9601566
7.026e-01 9603009
7.027e-01 9604356
7.028e-01 9605771
7.029e-01 9607098
7.030e-01 9608574
7.031e-01 9609973
7.032e-01 9611436
7.033e-01 9612869
7.034e-01 9614213
7.035e-01 9615612
7.036e-01 9617014
7.037e-01 9618474
7.038e-01 9619874
7.039e-01 9621270
7.040e-01 9622681
7.041e-01 9624089
7.042e-01 9625514
7.043e-01 9626917
7.044e-01 9628385
7.045e-01 9629754
7.046e-01 9631150
7.047e-01 9632505
7.048e-01 9633921
7.049e-01 9635330
7.050e-01 9636728
7.051e-01 9638135
7.052e-01 9639520
7.053e-01 9640970
7.054e-01 9642388
7.055e-01 9643765
7.056e-01 9645164
7.057e-01 9646533
7.058e-01 9647954
7.059e-01 9649347
7.060e-01 9650703
7.061e-01 9652139
7.062e-01 9653526
7.063e-01 9654978
7.064e-01 9656390
7.065e-01 9657775
7.066e-01 9659185
7.067e-01 9660543
7.068e-01 9662007
7.069e-01 9663411
7.070e-01 9664789
7.071e-01 9666184
7.072e-01 9667540
7.073e-01 9668952
7.074e-01 9670310
7.075e-01 9671697
7.076e-01 9673041
7.077e-01 9674467
7.078e-01 9675853
7.079e-01 9677287
7.080e-01 9678679
7.081e-01 9680073
7.082e-01 9681499
7.083e-01 9682866
7.084e-01 9684303
7.085e-01 9685672
7.086e-01 9687031
7.087e-01 9688430
7.088e-01 9689853
7.089e-01 9691224
7.090e-01 9692606
7.091e-01 9693990
7.092e-01 9695445
7.093e-01 9696838
7.094e-01 9698302
7.095e-01 9699687
7.096e-01 9701067
7.097e-01 9702413
7.098e-01 9703843
7.099e-01 9705262
7.100e-01 9706670
7.101e-01 9708059
7.102e-01 9709450
7.103e-01 9710871
7.104e-01 9712320
7.105e-01 9713729
7.106e-01 9715130
7.107e-01 9716499
7.108e-01 9717914
7.109e-01 9719309
7.110e-01 9720753
7.111e-01 9722129
7.112e-01 9723530
7.113e-01 9724913
7.114e-01 9726257
7.115e-01 9727684
7.116e-01 9729086
7.117e-01 9730475
7.118e-01 9731857
7.119e-01 9733268
7.120e-01 9734674
7.121e-01 9736055
7.122e-01 9737417
7.123e-01 9738780
7.124e-01 9740215
7.125e-01 9741652
7.126e-01 9743070
7.127e-01 9744487
7.128e-01 9745911
7.129e-01 9747363
7.130e-01 9748774
7.131e-01 9750183
7.132e-01 9751577
7.133e-01 9752971
7.134e-01 9754356
7.135e-01 9755693
7.136e-01 9757143
7.137e-01 9758500
7.138e-01 9759906
7.139e-01 9761308
7.140e-01 9762678
7.141e-01 9764105
7.142e-01 9765497
7.143e-01 9766871
7.144e-01 9768261
7.145e-01 9769719
7.146e-01 9771128
7.147e-01 9772474
7.148e-01 9773901
7.149e-01 9775256
7.150e-01 9776659
7.151e-01 9778067
7.152e-01 9779545
7.153e-01 9780910
7.154e-01 9782334
7.155e-01 9783768
7.156e-01 9785143
7.157e-01 9786554
7.158e-01 9787920
7.159e-01 9789329
7.160e-01 9790730
7.161e-01 9792131
7.162e-01 9793541
7.163e-01 9794931
7.164e-01 9796360
7.165e-01 9797756
7.166e-01 9799159
7.167e-01 9800554
7.168e-01 9801907
7.169e-01 9803302
7.170e-01 9804667
7.171e-01 9806097
7.172e-01 9807496
7.173e-01 9808882
7.174e-01 9810306
7.175e-01 9811660
7.176e-01 9813053
7.177e-01 9814441
7.178e-01 9815852
7.179e-01 9817233
7.180e-01 9818556
7.181e-01 9820032
7.182e-01 9821379
7.183e-01 9822799
7.184e-01 9824146
7.185e-01 9825610
7.186e-01 9826971
7.187e-01 9828352
7.188e-01 9829744
7.189e-01 9831104
7.190e-01 9832513
7.191e-01 9833918
7.192e-01 9835330
7.193e-01 9836697
7.194e-01 9838077
7.195e-01 9839455
7.196e-01 9840821
7.197e-01 9842254
7.198e-01 9843641
7.199e-01 9845062
7.200e-01 9846498
7.201e-01 9847855
7.202e-01 9849265
7.203e-01 9850643
7.204e-01 9852086
7.205e-01 9853491
7.206e-01 9854874
7.207e-01 9856281
7.208e-01 9857633
7.209e-01 9859090
7.210e-01 9860499
7.211e-01 9861928
7.212e-01 9863368
7.213e-01 9864741
7.214e-01 9866178
7.215e-01 9867523
7.216e-01 9868902
7.217e-01 9870272
7.218e-01 9871723
7.219e-01 9873132
7.220e-01 9874524
7.221e-01 9875944
7.222e-01 9877293
7.223e-01 9878706
7.224e-01 9880111
7.225e-01 9881554
7.226e-01 9882964
7.227e-01 9884311
7.228e-01 9885749
7.229e-01 9887161
7.230e-01 9888544
7.231e-01 9889929
7.232e-01 9891335
7.233e-01 9892733
7.234e-01 9894111
7.235e-01 9895520
7.236e-01 9896915
7.237e-01 9898276
7.238e-01 9899659
7.239e-01 9901027
7.240e-01 9902432
7.241e-01 9903835
7.242e-01 9905266
7.243e-01 9906657
7.244e-01 9908093
7.245e-01 9909482
7.246e-01 9910870
7.247e-01 9912325
7.248e-01 9913698
7.249e-01 9915120
7.250e-01 9916517
7.251e-01 9917951
7.252e-01 9919351
7.253e-01 9920720
7.254e-01 9922137
7.255e-01 9923526
7.256e-01 9924958
7.257e-01 9926312
7.258e-01 9927679
7.259e-01 9929075
7.260e-01 9930413
7.261e-01 9931829
7.262e-01 9933216
7.263e-01 9934606
7.264e-01 9935936
7.265e-01 9937338
7.266e-01 9938747
7.267e-01 9940128
7.268e-01 9941515
7.269e-01 9942866
7.270e-01 9944259
7.271e-01 9945633
7.272e-01 9947050
7.273e-01 9948473
7.274e-01 9949851
7.275e-01 9951239
7.276e-01 9952620
7.277e-01 9954020
7.278e-01 9955413
7.279e-01 9956762
7.280e-01 9958175
7.281e-01 9959497
7.282e-01 9960911
7.283e-01 9962321
7.284e-01 9963756
7.285e-01 9965175
7.286e-01 9966543
7.287e-01 9967948
7.288e-01 9969318
7.289e-01 9970680
7.290e-01 9972042
7.291e-01 9973410
7.292e-01 9974798
7.293e-01 9976153
7.294e-01 9977539
7.295e-01 9978881
7.296e-01 9980295
7.297e-01 9981664
7.298e-01 9983106
7.299e-01 9984481
7.300e-01 9985844
7.301e-01 9987226
7.302e-01 9988595
7.303e-01 9990053
7.304e-01 9991456
7.305e-01 9992866
7.306e-01 9994314
7.307e-01 9995683
7.308e-01 9997088
7.309e-01 9998454
7.310e-01 9999865
7.311e-01 10001314
7.312e-01 10002705
7.313e-01 10004093
7.314e-01 10005447
7.315e-01 10006890
7.316e-01 10008262
7.317e-01 10009658
7.318e-01 10011038
7.319e-01 10012414
7.320e-01 10013776
7.321e-01 10015158
7.322e-01 10016573
7.323e-01 10017986
7.324e-01 10019395
7.325e-01 10020729
7.326e-01 10022143
7.327e-01 10023517
7.328e-01 10024880
7.329e-01 10026284
7.330e-01 10027633
7.331e-01 10029043
7.332e-01 10030444
7.333e-01 10031807
7.334e-01 10033211
7.335e-01 10034548
7.336e-01 10035950
7.337e-01 10037307
7.338e-01 10038697
7.339e-01 10040074
7.340e-01 10041417
7.341e-01 10042807
7.342e-01 10044176
7.343e-01 10045555
7.344e-01 10046978
7.345e-01 10048401
7.346e-01 10049816
7.347e-01 10051182
7.348e-01 10052539
7.349e-01 10053897
7.350e-01 10055261
7.351e-01 10056698
7.352e-01 10058025
7.353e-01 10059422
7.354e-01 10060825
7.355e-01 10062184
7.356e-01 10063526
7.357e-01 10064945
7.358e-01 10066307
7.359e-01 10067656
7.360e-01 10069044
7.361e-01 10070454
7.362e-01 10071830
7.363e-01 10073235
7.364e-01 10074614
7.365e-01 10076007
7.366e-01 10077382
7.367e-01 10078801
7.368e-01 10080214
7.369e-01 10081602
7.370e-01 10082916
7.371e-01 10084339
7.372e-01 10085734
7.373e-01 10087107
7.374e-01 10088479
7.375e-01 10089797
7.376e-01 10091211
7.377e-01 10092544
7.378e-01 10093909
7.379e-01 10095337
7.380e-01 10096714
7.381e-01 10098145
7.382e-01 10099538
7.383e-01 10100925
7.384e-01 10102359
7.385e-01 10103717
7.386e-01 10105113
7.387e-01 10106428
7.388e-01 10107829
7.389e-01 10109188
7.390e-01 10110547
7.391e-01 10111967
7.392e-01 10113348
7.393e-01 10114732
7.394e-01 10116082
7.395e-01 10117478
7.396e-01 10118890
7.397e-01 10120300
7.398e-01 10121723
7.399e-01 10123116
7.400e-01 10124510
7.401e-01 10125870
7.402e-01 10127233
7.403e-01 10128592
7.404e-01 10130020
7.405e-01 10131392
7.406e-01 10132780
7.407e-01 10134196
7.408e-01 10135612
7.409e-01 10136976
7.410e-01 10138341
7.411e-01 10139721
7.412e-01 10141054
7.413e-01 10142413
7.414e-01 10143824
7.415e-01 10145203
7.416e-01 10146624
7.417e-01 10147930
7.418e-01 10149349
7.419e-01 10150715
7.420e-01 10152069
7.421e-01 10153443
7.422e-01 10154789
7.423e-01 10156200
7.424e-01 10157613
7.425e-01 10158998
7.426e-01 10160415
7.427e-01 10161779
7.428e-01 10163194
7.429e-01 10164538
7.430e-01 10165902
7.431e-01 10167293
7.432e-01 10168642
7.433e-01 10170059
7.434e-01 10171391
7.435e-01 10172806
7.436e-01 10174162
7.437e-01 10175541
7.438e-01 10176930
7.439e-01 10178247
7.440e-01 10179587
7.441e-01 10180921
7.442e-01 10182360
7.443e-01 10183736
7.444e-01 10185139
7.445e-01 10186571
7.446e-01 10187949
7.447e-01 10189333
7.448e-01 10190711
7.449e-01 10192077
7.450e-01 10193414
7.451e-01 10194823
7.452e-01 10196156
7.453e-01 10197498
7.454e-01 10198906
7.455e-01 10200217
7.456e-01 10201603
7.457e-01 10203033
7.458e-01 10204378
7.459e-01 10205778
7.460e-01 10207152
7.461e-01 10208556
7.462e-01 10209938
7.463e-01 10211332
7.464e-01 10212721
7.465e-01 10214088
7.466e-01 10215488
7.467e-01 10216837
7.468e-01 10218261
7.469e-01 10219588
7.470e-01 10220956
7.471e-01 10222360
7.472e-01 10223732
7.473e-01 10225134
7.474e-01 10226508
7.475e-01 10227901
7.476e-01 10229258
7.477e-01 10230651
7.478e-01 10232095
7.479e-01 10233491
7.480e-01 10234880
7.481e-01 10236262
7.482e-01 10237660
7.483e-01 10238959
7.484e-01 10240368
7.485e-01 10241720
7.486e-01 10243056
7.487e-01 10244483
7.488e-01 10245875
7.489e-01 10247280
7.490e-01 10248660
7.491e-01 10250036
7.492e-01 10251416
7.493e-01 10252795
7.494e-01 10254211
7.495e-01 10255491
7.496e-01 10256930
7.497e-01 10258303
7.498e-01 10259675
7.499e-01 10261054
7.500e-01 10262438
7.501e-01 10263818
7.502e-01 10265136
7.503e-01 10266504
7.504e-01 10267863
7.505e-01 10269260
7.506e-01 10270661
7.507e-01 10272046
7.508e-01 10273413
7.509e-01 10274779
7.510e-01 10276150
7.511e-01 10277527
7.512e-01 10278873
7.513e-01 10280286
7.514e-01 10281594
7.515e-01 10282963
7.516e-01 10284327
7.517e-01 10285718
7.518e-01 10287147
7.519e-01 10288533
7.520e-01 10289885
7.521e-01 10291253
7.522e-01 10292566
7.523e-01 10293956
7.524e-01 10295318
7.525e-01 10296670
7.526e-01 10298055
7.527e-01 10299489
7.528e-01 10300880
7.529e-01 10302289
7.530e-01 10303689
7.531e-01 10305068
7.532e-01 10306444
7.533e-01 10307816
7.534e-01 10309206
7.535e-01 10310548
7.536e-01 10312003
7.537e-01 10313357
7.538e-01 10314711
7.539e-01 10316102
7.540e-01 10317406
7.541e-01 10318845
7.542e-01 10320284
7.543e-01 10321668
7.544e-01 10323068
7.545e-01 10324398
7.546e-01 10325762
7.547e-01 10327110
7.548e-01 10328503
7.549e-01 10329814
7.550e-01 10331263
7.551e-01 10332650
7.552e-01 10333993
7.553e-01 10335390
7.554e-01 10336698
7.555e-01 10338057
7.556e-01 10339385
7.557e-01 10340776
7.558e-01 10342143
7.559e-01 10343482
7.560e-01 10344869
7.561e-01 10346186
7.562e-01 10347574
7.563e-01 10348950
7.564e-01 10350325
7.565e-01 10351714
7.566e-01 10353041
7.567e-01 10354387
7.568e-01 10355752
7.569e-01 10357103
7.570e-01 10358490
7.571e-01 10359822
7.572e-01 10361186
7.573e-01 10362568
7.574e-01 10363980
7.575e-01 10365361
7.576e-01 10366775
7.577e-01 10368149
7.578e-01 10369472
7.579e-01 10370874
7.580e-01 10372206
7.581e-01 10373606
7.582e-01 10374964
7.583e-01 10376315
7.584e-01 10377692
7.585e-01 10379035
7.586e-01 10380430
7.587e-01 10381779
7.588e-01 10383154
7.589e-01 10384514
7.590e-01 10385925
7.591e-01 10387294
7.592e-01 10388656
7.593e-01 10390022
7.594e-01 10391365
7.595e-01 10392742
7.596e-01 10394120
7.597e-01 10395491
7.598e-01 10396878
7.599e-01 10398267
7.600e-01 10399658
7.601e-01 10400990
7.602e-01 10402408
7.603e-01 10403812
7.604e-01 10405204
7.605e-01 10406620
7.606e-01 10407909
7.607e-01 10409246
7.608e-01 10410660
7.609e-01 10412057
7.610e-01 10413460
7.611e-01 10414816
7.612e-01 10416201
7.613e-01 10417610
7.614e-01 10418975
7.615e-01 10420344
7.616e-01 10421676
7.617e-01 10423083
7.618e-01 10424500
7.619e-01 10425896
7.620e-01 10427277
7.621e-01 10428662
7.622e-01 10429959
7.623e-01 10431334
7.624e-01 10432749
7.625e-01 10434113
7.626e-01 10435488
7.627e-01 10436825
7.628e-01 10438239
7.629e-01 10439626
7.630e-01 10441016
7.631e-01 10442385
7.632e-01 10443741
7.633e-01 10445158
7.634e-01 10446516
7.635e-01 10447893
7.636e-01 10449308
7.637e-01 10450628
7.638e-01 10452034
7.639e-01 10453384
7.640e-01 10454741
7.641e-01 10456094
7.642e-01 10457491
7.643e-01 10458843
7.644e-01 10460182
7.645e-01 10461562
7.646e-01 10462940
7.647e-01 10464353
7.648e-01 10465709
7.649e-01 10467074
7.650e-01 10468453
7.651e-01 10469801
7.652e-01 10471168
7.653e-01 10472510
7.654e-01 10473896
7.655e-01 10475280
7.656e-01 10476628
7.657e-01 10477952
7.658e-01 10479314
7.659e-01 10480705
7.660e-01 10482057
7.661e-01 10483426
7.662e-01 10484746
7.663e-01 10486117
7.664e-01 10487559
7.665e-01 10488950
7.666e-01 10490360
7.667e-01 10491703
7.668e-01 10493088
7.669e-01 10494439
7.670e-01 10495789
7.671e-01 10497165
7.672e-01 10498499
7.673e-01 10499867
7.674e-01 10501189
7.675e-01 10502557
7.676e-01 10503981
7.677e-01 10505358
7.678e-01 10506796
7.679e-01 10508166
7.680e-01 10509558
7.681e-01 10510919
7.682e-01 10512364
7.683e-01 10513758
7.684e-01 10515126
7.685e-01 10516496
7.686e-01 10517809
7.687e-01 10519189
7.688e-01 10520552
7.689e-01 10521909
7.690e-01 10523240
7.691e-01 10524595
7.692e-01 10526030
7.693e-01 10527400
7.694e-01 10528785
7.695e-01 10530158
7.696e-01 10531518
7.697e-01 10532880
7.698e-01 10534229
7.699e-01 10535593
7.700e-01 10536937
7.701e-01 10538343
7.702e-01 10539699
7.703e-01 10541148
7.704e-01 10542528
7.705e-01 10543851
7.706e-01 10545225
7.707e-01 10546575
7.708e-01 10547988
7.709e-01 10549313
7.710e-01 10550648
7.711e-01 10551985
7.712e-01 10553342
7.713e-01 10554738
7.714e-01 10556115
7.715e-01 10557483
7.716e-01 10558862
7.717e-01 10560185
7.718e-01 10561540
7.719e-01 10562873
7.720e-01 10564205
7.721e-01 10565525
7.722e-01 10566894
7.723e-01 10568273
7.724e-01 10569657
7.725e-01 10571007
7.726e-01 10572349
7.727e-01 10573709
7.728e-01 10575075
7.729e-01 10576476
7.730e-01 10577889
7.731e-01 10579232
7.732e-01 10580627
7.733e-01 10582011
7.734e-01 10583412
7.735e-01 10584767
7.736e-01 10586143
7.737e-01 10587503
7.738e-01 10588857
7.739e-01 10590203
7.740e-01 10591582
7.741e-01 10592983
7.742e-01 10594315
7.743e-01 10595704
7.744e-01 10597090
7.745e-01 10598405
7.746e-01 10599774
7.747e-01 10601141
7.748e-01 10602498
7.749e-01 10603885
7.750e-01 10605239
7.751e-01 10606637
7.752e-01 10608013
7.753e-01 10609415
7.754e-01 10610747
7.755e-01 10612077
7.756e-01 10613441
7.757e-01 10614775
7.758e-01 10616219
7.759e-01 10617492
7.760e-01 10618885
7.761e-01 10620239
7.762e-01 10621632
7.763e-01 10622998
7.764e-01 10624317
7.765e-01 10625684
7.766e-01 10627006
7.767e-01 10628378
7.768e-01 10629660
7.769e-01 10631041
7.770e-01 10632420
7.771e-01 10633791
7.772e-01 10635171
7.773e-01 10636537
7.774e-01 10637943
7.775e-01 10639307
7.776e-01 10640758
7.777e-01 10642121
7.778e-01 10643462
7.779e-01 10644793
7.780e-01 10646173
7.781e-01 10647519
7.782e-01 10648915
7.783e-01 10650233
7.784e-01 10651615
7.785e-01 10652996
7.786e-01 10654332
7.787e-01 10655756
7.788e-01 10657132
7.789e-01 10658492
7.790e-01 10659904
7.791e-01 10661264
7.792e-01 10662629
7.793e-01 10664024
7.794e-01 10665404
7.795e-01 10666705
7.796e-01 10668085
7.797e-01 10669438
7.798e-01 10670800
7.799e-01 10672148
7.800e-01 10673526
7.801e-01 10674848
7.802e-01 10676257
7.803e-01 10677610
7.804e-01 10678994
7.805e-01 10680317
7.806e-01 10681696
7.807e-01 10683053
7.808e-01 10684392
7.809e-01 10685812
7.810e-01 10687148
7.811e-01 10688535
7.812e-01 10689891
7.813e-01 10691286
7.814e-01 10692604
7.815e-01 10693963
7.816e-01 10695302
7.817e-01 10696671
7.818e-01 10698072
7.819e-01 10699340
7.820e-01 10700733
7.821e-01 10702072
7.822e-01 10703411
7.823e-01 10704754
7.824e-01 10706151
7.825e-01 10707547
7.826e-01 10708927
7.827e-01 10710281
7.828e-01 10711642
7.829e-01 10713027
7.830e-01 10714387
7.831e-01 10715716
7.832e-01 10717075
7.833e-01 10718416
7.834e-01 10719751
7.835e-01 10721064
7.836e-01 10722426
7.837e-01 10723810
7.838e-01 10725163
7.839e-01 10726518
7.840e-01 10727872
7.841e-01 10729279
7.842e-01 10730636
7.843e-01 10732001
7.844e-01 10733369
7.845e-01 10734745
7.846e-01 10736142
7.847e-01 10737497
7.848e-01 10738859
7.849e-01 10740214
7.850e-01 10741581
7.851e-01 10742990
7.852e-01 10744422
7.853e-01 10745761
7.854e-01 10747104
7.855e-01 10748490
7.856e-01 10749821
7.857e-01 10751161
7.858e-01 10752508
7.859e-01 10753887
7.860e-01 10755257
7.861e-01 10756624
7.862e-01 10757995
7.863e-01 10759385
7.864e-01 10760699
7.865e-01 10762087
7.866e-01 10763441
7.867e-01 10764810
7.868e-01 10766220
7.869e-01 10767558
7.870e-01 10768921
7.871e-01 10770281
7.872e-01 10771692
7.873e-01 10773062
7.874e-01 10774436
7.875e-01 10775807
7.876e-01 10777182
7.877e-01 10778544
7.878e-01 10779881
7.879e-01 10781293
7.880e-01 10782633
7.881e-01 10784038
7.882e-01 10785372
7.883e-01 10786738
7.884e-01 10788068
7.885e-01 10789474
7.886e-01 10790824
7.887e-01 10792193
7.888e-01 10793539
7.889e-01 10794915
7.890e-01 10796307
7.891e-01 10797619
7.892e-01 10799000
7.893e-01 10800318
7.894e-01 10801699
7.895e-01 10803034
7.896e-01 10804383
7.897e-01 10805794
7.898e-01 10807170
7.899e-01 10808475
7.900e-01 10809852
7.901e-01 10811201
7.902e-01 10812573
7.903e-01 10813962
7.904e-01 10815275
7.905e-01 10816663
7.906e-01 10818016
7.907e-01 10819362
7.908e-01 10820714
7.909e-01 10822042
7.910e-01 10823410
7.911e-01 10824836
7.912e-01 10826220
7.913e-01 10827577
7.914e-01 10828943
7.915e-01 10830253
7.916e-01 10831566
7.917e-01 10832914
7.918e-01 10834279
7.919e-01 10835593
7.920e-01 10836992
7.921e-01 10838311
7.922e-01 10839679
7.923e-01 10841034
7.924e-01 10842360
7.925e-01 10843731
7.926e-01 10845057
7.927e-01 10846427
7.928e-01 10847788
7.929e-01 10849153
7.930e-01 10850482
7.931e-01 10851825
7.932e-01 10853149
7.933e-01 10854505
7.934e-01 10855869
7.935e-01 10857247
7.936e-01 10858590
7.937e-01 10859935
7.938e-01 10861324
7.939e-01 10862674
7.940e-01 10864026
7.941e-01 10865340
7.942e-01 10866706
7.943e-01 10868052
7.944e-01 10869409
7.945e-01 10870768
7.946e-01 10872167
7.947e-01 10873537
7.948e-01 10874889
7.949e-01 10876270
7.950e-01 10877612
7.951e-01 10878982
7.952e-01 10880353
7.953e-01 10881721
7.954e-01 10883061
7.955e-01 10884411
7.956e-01 10885783
7.957e-01 10887115
7.958e-01 10888464
7.959e-01 10889806
7.960e-01 10891198
7.961e-01 10892571
7.962e-01 10893935
7.963e-01 10895239
7.964e-01 10896623
7.965e-01 10897973
7.966e-01 10899343
7.967e-01 10900668
7.968e-01 10902043
7.969e-01 10903396
7.970e-01 10904717
7.971e-01 10906057
7.972e-01 10907363
7.973e-01 10908682
7.974e-01 10910044
7.975e-01 10911381
7.976e-01 10912770
7.977e-01 10914146
7.978e-01 10915517
7.979e-01 10916875
7.980e-01 10918187
7.981e-01 10919532
7.982e-01 10920852
7.983e-01 10922238
7.984e-01 10923626
7.985e-01 10924969
7.986e-01 10926288
7.987e-01 10927630
7.988e-01 10929001
7.989e-01 10930325
7.990e-01 10931719
7.991e-01 10933033
7.992e-01 10934391
7.993e-01 10935757
7.994e-01 10937104
7.995e-01 10938402
7.996e-01 10939712
7.997e-01 10941068
7.998e-01 10942399
7.999e-01 10943760
8.000e-01 10945041
8.001e-01 10946451
8.002e-01 10947811
8.003e-01 10949197
8.004e-01 10950563
8.005e-01 10951880
8.006e-01 10953201
8.007e-01 10954563
8.008e-01 10955891
8.009e-01 10957247
8.010e-01 10958615
8.011e-01 10959969
8.012e-01 10961349
8.013e-01 10962746
8.014e-01 10964104
8.015e-01 10965473
8.016e-01 10966860
8.017e-01 10968180
8.018e-01 10969568
8.019e-01 10970945
8.020e-01 10972266
8.021e-01 10973655
8.022e-01 10974990
8.023e-01 10976318
8.024e-01 10977626
8.025e-01 10978965
8.026e-01 10980391
8.027e-01 10981722
8.028e-01 10983068
8.029e-01 10984412
8.030e-01 10985795
8.031e-01 10987188
8.032e-01 10988538
8.033e-01 10989863
8.034e-01 10991229
8.035e-01 10992509
8.036e-01 10993804
8.037e-01 10995107
8.038e-01 10996476
8.039e-01 10997855
8.040e-01 10999193
8.041e-01 11000479
8.042e-01 11001851
8.043e-01 11003208
8.044e-01 11004588
8.045e-01 11005840
8.046e-01 11007173
8.047e-01 11008564
8.048e-01 11009891
8.049e-01 11011239
8.050e-01 11012585
8.051e-01 11013919
8.052e-01 11015303
8.053e-01 11016603
8.054e-01 11017925
8.055e-01 11019304
8.056e-01 11020602
8.057e-01 11021961
8.058e-01 11023363
8.059e-01 11024681
8.060e-01 11026047
8.061e-01 11027378
8.062e-01 11028733
8.063e-01 11030126
8.064e-01 11031456
8.065e-01 11032828
8.066e-01 11034143
8.067e-01 11035442
8.068e-01 11036840
8.069e-01 11038203
8.070e-01 11039522
8.071e-01 11040886
8.072e-01 11042266
8.073e-01 11043600
8.074e-01 11044889
8.075e-01 11046223
8.076e-01 11047631
8.077e-01 11048956
8.078e-01 11050312
8.079e-01 11051681
8.080e-01 11053023
8.081e-01 11054431
8.082e-01 11055804
8.083e-01 11057136
8.084e-01 11058506
8.085e-01 11059848
8.086e-01 11061210
8.087e-01 11062577
8.088e-01 11063891
8.089e-01 11065273
8.090e-01 11066624
8.091e-01 11067958
8.092e-01 11069329
8.093e-01 11070698
8.094e-01 11072040
8.095e-01 11073434
8.096e-01 11074763
8.097e-01 11076090
8.098e-01 11077460
8.099e-01 11078793
8.100e-01 11080209
8.101e-01 11081573
8.102e-01 11082942
8.103e-01 11084263
8.104e-01 11085671
8.105e-01 11087028
8.106e-01 11088361
8.107e-01 11089675
8.108e-01 11091009
8.109e-01 11092333
8.110e-01 11093661
8.111e-01 11095031
8.112e-01 11096348
8.113e-01 11097727
8.114e-01 11098994
8.115e-01 11100359
8.116e-01 11101694
8.117e-01 11103042
8.118e-01 11104459
8.119e-01 11105808
8.120e-01 11107110
8.121e-01 11108518
8.122e-01 11109842
8.123e-01 11111145
8.124e-01 11112508
8.125e-01 11113847
8.126e-01 11115192
8.127e-01 11116508
8.128e-01 11117893
8.129e-01 11119270
8.130e-01 11120546
8.131e-01 11121866
8.132e-01 11123206
8.133e-01 11124535
8.134e-01 11125867
8.135e-01 11127235
8.136e-01 11128607
8.137e-01 11129971
8.138e-01 11131352
8.139e-01 11132700
8.140e-01 11134041
8.141e-01 11135409
8.142e-01 11136761
8.143e-01 11138110
8.144e-01 11139452
8.145e-01 11140771
8.146e-01 11142137
8.147e-01 11143548
8.148e-01 11144918
8.149e-01 11146282
8.150e-01 11147648
8.151e-01 11148949
8.152e-01 11150289
8.153e-01 11151624
8.154e-01 11153012
8.155e-01 11154347
8.156e-01 11155725
8.157e-01 11157076
8.158e-01 11158411
8.159e-01 11159768
8.160e-01 11161135
8.161e-01 11162494
8.162e-01 11163827
8.163e-01 11165197
8.164e-01 11166555
8.165e-01 11167878
8.166e-01 11169205
8.167e-01 11170513
8.168e-01 11171885
8.169e-01 11173239
8.170e-01 11174642
8.171e-01 11175972
8.172e-01 11177348
8.173e-01 11178724
8.174e-01 11180096
8.175e-01 11181432
8.176e-01 11182797
8.177e-01 11184162
8.178e-01 11185527
8.179e-01 11186883
8.180e-01 11188304
8.181e-01 11189620
8.182e-01 11190938
8.183e-01 11192238
8.184e-01 11193576
8.185e-01 11194958
8.186e-01 11196256
8.187e-01 11197612
8.188e-01 11198945
8.189e-01 11200297
8.190e-01 11201641
8.191e-01 11202921
8.192e-01 11204241
8.193e-01 11205666
8.194e-01 11207042
8.195e-01 11208392
8.196e-01 11209726
8.197e-01 11211093
8.198e-01 11212490
8.199e-01 11213777
8.200e-01 11215095
8.201e-01 11216429
8.202e-01 11217737
8.203e-01 11219125
8.204e-01 11220425
8.205e-01 11221750
8.206e-01 11223077
8.207e-01 11224435
8.208e-01 11225760
8.209e-01 11227138
8.210e-01 11228504
8.211e-01 11229864
8.212e-01 11231203
8.213e-01 11232478
8.214e-01 11233870
8.215e-01 11235176
8.216e-01 11236593
8.217e-01 11237951
8.218e-01 11239291
8.219e-01 11240636
8.220e-01 11241933
8.221e-01 11243311
8.222e-01 11244641
8.223e-01 11246034
8.224e-01 11247386
8.225e-01 11248700
8.226e-01 11250069
8.227e-01 11251378
8.228e-01 11252734
8.229e-01 11254041
8.230e-01 11255412
8.231e-01 11256685
8.232e-01 11258025
8.233e-01 11259387
8.234e-01 11260741
8.235e-01 11262100
8.236e-01 11263454
8.237e-01 11264810
8.238e-01 11266122
8.239e-01 11267511
8.240e-01 11268846
8.241e-01 11270177
8.242e-01 11271512
8.243e-01 11272883
8.244e-01 11274169
8.245e-01 11275554
8.246e-01 11276880
8.247e-01 11278235
8.248e-01 11279549
8.249e-01 11280948
8.250e-01 11282306
8.251e-01 11283655
8.252e-01 11284962
8.253e-01 11286322
8.254e-01 11287685
8.255e-01 11289037
8.256e-01 11290336
8.257e-01 11291686
8.258e-01 11293051
8.259e-01 11294362
8.260e-01 11295678
8.261e-01 11296996
8.262e-01 11298304
8.263e-01 11299643
8.264e-01 11301009
8.265e-01 11302379
8.266e-01 11303736
8.267e-01 11305097
8.268e-01 11306396
8.269e-01 11307725
8.270e-01 11309097
8.271e-01 11310411
8.272e-01 11311740
8.273e-01 11313090
8.274e-01 11314419
8.275e-01 11315758
8.276e-01 11317107
8.277e-01 11318433
8.278e-01 11319767
8.279e-01 11321127
8.280e-01 11322510
8.281e-01 11323840
8.282e-01 11325168
8.283e-01 11326520
8.284e-01 11327867
8.285e-01 11329192
8.286e-01 11330517
8.287e-01 11331880
8.288e-01 11333289
8.289e-01 11334628
8.290e-01 11335961
8.291e-01 11337301
8.292e-01 11338640
8.293e-01 11339946
8.294e-01 11341276
8.295e-01 11342608
8.296e-01 11343938
8.297e-01 11345285
8.298e-01 11346631
8.299e-01 11348012
8.300e-01 11349354
8.301e-01 11350700
8.302e-01 11352093
8.303e-01 11353467
8.304e-01 11354804
8.305e-01 11356122
8.306e-01 11357451
8.307e-01 11358805
8.308e-01 11360089
8.309e-01 11361432
8.310e-01 11362771
8.311e-01 11364161
8.312e-01 11365491
8.313e-01 11366803
8.314e-01 11368119
8.315e-01 11369470
8.316e-01 11370814
8.317e-01 11372172
8.318e-01 11373533
8.319e-01 11374889
8.320e-01 11376246
8.321e-01 11377562
8.322e-01 11378914
8.323e-01 11380250
8.324e-01 11381572
8.325e-01 11382922
8.326e-01 11384263
8.327e-01 11385576
8.328e-01 11386895
8.329e-01 11388230
8.330e-01 11389628
8.331e-01 11390986
8.332e-01 11392334
8.333e-01 11393727
8.334e-01 11395103
8.335e-01 11396456
8.336e-01 11397788
8.337e-01 11399164
8.338e-01 11400527
8.339e-01 11401821
8.340e-01 11403141
8.341e-01 11404472
8.342e-01 11405840
8.343e-01 11407132
8.344e-01 11408419
8.345e-01 11409716
8.346e-01 11411085
8.347e-01 11412371
8.348e-01 11413656
8.349e-01 11415049
8.350e-01 11416402
8.351e-01 11417738
8.352e-01 11419088
8.353e-01 11420420
8.354e-01 11421768
8.355e-01 11423096
8.356e-01 11424499
8.357e-01 11425829
8.358e-01 11427155
8.359e-01 11428473
8.360e-01 11429803
8.361e-01 11431139
8.362e-01 11432431
8.363e-01 11433811
8.364e-01 11435165
8.365e-01 11436541
8.366e-01 11437874
8.367e-01 11439221
8.368e-01 11440500
8.369e-01 11441854
8.370e-01 11443184
8.371e-01 11444535
8.372e-01 11445806
8.373e-01 11447131
8.374e-01 11448506
8.375e-01 11449802
8.376e-01 11451150
8.377e-01 11452461
8.378e-01 11453794
8.379e-01 11455109
8.380e-01 11456416
8.381e-01 11457707
8.382e-01 11459053
8.383e-01 11460421
8.384e-01 11461767
8.385e-01 11463081
8.386e-01 11464385
8.387e-01 11465760
8.388e-01 11467119
8.389e-01 11468460
8.390e-01 11469829
8.391e-01 11471151
8.392e-01 11472476
8.393e-01 11473778
8.394e-01 11475108
8.395e-01 11476488
8.396e-01 11477764
8.397e-01 11479117
8.398e-01 11480479
8.399e-01 11481825
8.400e-01 11483134
8.401e-01 11484448
8.402e-01 11485814
8.403e-01 11487145
8.404e-01 11488495
8.405e-01 11489887
8.406e-01 11491226
8.407e-01 11492596
8.408e-01 11493943
8.409e-01 11495268
8.410e-01 11496598
8.411e-01 11497953
8.412e-01 11499347
8.413e-01 11500657
8.414e-01 11502019
8.415e-01 11503328
8.416e-01 11504665
8.417e-01 11505969
8.418e-01 11507314
8.419e-01 11508615
8.420e-01 11509987
8.421e-01 11511310
8.422e-01 11512641
8.423e-01 11513967
8.424e-01 11515358
8.425e-01 11516654
8.426e-01 11517974
8.427e-01 11519266
8.428e-01 11520661
8.429e-01 11521992
8.430e-01 11523287
8.431e-01 11524644
8.432e-01 11525990
8.433e-01 11527321
8.434e-01 11528699
8.435e-01 11530054
8.436e-01 11531384
8.437e-01 11532732
8.438e-01 11534039
8.439e-01 11535403
8.440e-01 11536690
8.441e-01 11538056
8.442e-01 11539388
8.443e-01 11540723
8.444e-01 11542096
8.445e-01 11543434
8.446e-01 11544725
8.447e-01 11546075
8.448e-01 11547391
8.449e-01 11548707
8.450e-01 11550064
8.451e-01 11551400
8.452e-01 11552733
8.453e-01 11554052
8.454e-01 11555426
8.455e-01 11556749
8.456e-01 11558132
8.457e-01 11559466
8.458e-01 11560852
8.459e-01 11562193
8.460e-01 11563558
8.461e-01 11564914
8.462e-01 11566291
8.463e-01 11567626
8.464e-01 11568957
8.465e-01 11570272
8.466e-01 11571634
8.467e-01 11573015
8.468e-01 11574330
8.469e-01 11575641
8.470e-01 11577004
8.471e-01 11578324
8.472e-01 11579635
8.473e-01 11580949
8.474e-01 11582301
8.475e-01 11583596
8.476e-01 11584925
8.477e-01 11586226
8.478e-01 11587563
8.479e-01 11588843
8.480e-01 11590164
8.481e-01 11591556
8.482e-01 11592869
8.483e-01 11594144
8.484e-01 11595431
8.485e-01 11596779
8.486e-01 11598139
8.487e-01 11599493
8.488e-01 11600789
8.489e-01 11602147
8.490e-01 11603483
8.491e-01 11604810
8.492e-01 11606141
8.493e-01 11607473
8.494e-01 11608805
8.495e-01 11610117
8.496e-01 11611407
8.497e-01 11612698
8.498e-01 11614053
8.499e-01 11615333
8.500e-01 11616625
8.501e-01 11617933
8.502e-01 11619284
8.503e-01 11620657
8.504e-01 11621974
8.505e-01 11623329
8.506e-01 11624627
8.507e-01 11625965
8.508e-01 11627350
8.509e-01 11628668
8.510e-01 11629974
8.511e-01 11631295
8.512e-01 11632646
8.513e-01 11633962
8.514e-01 11635257
8.515e-01 11636531
8.516e-01 11637824
8.517e-01 11639166
8.518e-01 11640489
8.519e-01 11641829
8.520e-01 11643156
8.521e-01 11644497
8.522e-01 11645808
8.523e-01 11647140
8.524e-01 11648472
8.525e-01 11649765
8.526e-01 11651098
8.527e-01 11652427
8.528e-01 11653763
8.529e-01 11655160
8.530e-01 11656496
8.531e-01 11657851
8.532e-01 11659173
8.533e-01 11660529
8.534e-01 11661791
8.535e-01 11663152
8.536e-01 11664511
8.537e-01 11665871
8.538e-01 11667236
8.539e-01 11668556
8.540e-01 11669939
8.541e-01 11671291
8.542e-01 11672683
8.543e-01 11674053
8.544e-01 11675383
8.545e-01 11676767
8.546e-01 11678174
8.547e-01 11679515
8.548e-01 11680799
8.549e-01 11682082
8.550e-01 11683440
8.551e-01 11684769
8.552e-01 11686086
8.553e-01 11687444
8.554e-01 11688778
8.555e-01 11690121
8.556e-01 11691467
8.557e-01 11692809
8.558e-01 11694106
8.559e-01 11695439
8.560e-01 11696777
8.561e-01 11698146
8.562e-01 11699484
8.563e-01 11700817
8.564e-01 11702163
8.565e-01 11703497
8.566e-01 11704849
8.567e-01 11706196
8.568e-01 11707552
8.569e-01 11708882
8.570e-01 11710247
8.571e-01 11711576
8.572e-01 11712901
8.573e-01 11714247
8.574e-01 11715573
8.575e-01 11716827
8.576e-01 11718192
8.577e-01 11719539
8.578e-01 11720891
8.579e-01 11722214
8.580e-01 11723554
8.581e-01 11724859
8.582e-01 11726181
8.583e-01 11727522
8.584e-01 11728862
8.585e-01 11730185
8.586e-01 11731483
8.587e-01 11732836
8.588e-01 11734189
8.589e-01 11735556
8.590e-01 11736887
8.591e-01 11738207
8.592e-01 11739567
8.593e-01 11740918
8.594e-01 11742204
8.595e-01 11743559
8.596e-01 11744851
8.597e-01 11746241
8.598e-01 11747548
8.599e-01 11748881
8.600e-01 11750238
8.601e-01 11751624
8.602e-01 11752930
8.603e-01 11754312
8.604e-01 11755586
8.605e-01 11756922
8.606e-01 11758318
8.607e-01 11759673
8.608e-01 11760999
8.609e-01 11762318
8.610e-01 11763685
8.611e-01 11765035
8.612e-01 11766409
8.613e-01 11767689
8.614e-01 11769065
8.615e-01 11770333
8.616e-01 11771663
8.617e-01 11773011
8.618e-01 11774308
8.619e-01 11775669
8.620e-01 11776970
8.621e-01 11778345
8.622e-01 11779681
8.623e-01 11781072
8.624e-01 11782375
8.625e-01 11783734
8.626e-01 11785026
8.627e-01 11786395
8.628e-01 11787736
8.629e-01 11789012
8.630e-01 11790344
8.631e-01 11791665
8.632e-01 11792989
8.633e-01 11794320
8.634e-01 11795685
8.635e-01 11797000
8.636e-01 11798322
8.637e-01 11799670
8.638e-01 11801040
8.639e-01 11802356
8.640e-01 11803662
8.641e-01 11804986
8.642e-01 11806260
8.643e-01 11807588
8.644e-01 11808919
8.645e-01 11810230
8.646e-01 11811578
8.647e-01 11812926
8.648e-01 11814225
8.649e-01 11815547
8.650e-01 11816910
8.651e-01 11818209
8.652e-01 11819529
8.653e-01 11820865
8.654e-01 11822193
8.655e-01 11823505
8.656e-01 11824873
8.657e-01 11826187
8.658e-01 11827557
8.659e-01 11828798
8.660e-01 11830138
8.661e-01 11831497
8.662e-01 11832813
8.663e-01 11834075
8.664e-01 11835427
8.665e-01 11836733
8.666e-01 11838062
8.667e-01 11839420
8.668e-01 11840744
8.669e-01 11842047
8.670e-01 11843371
8.671e-01 11844711
8.672e-01 11846125
8.673e-01 11847404
8.674e-01 11848735
8.675e-01 11850051
8.676e-01 11851377
8.677e-01 11852704
8.678e-01 11854045
8.679e-01 11855364
8.680e-01 11856660
8.681e-01 11858035
8.682e-01 11859394
8.683e-01 11860715
8.684e-01 11861996
8.685e-01 11863305
8.686e-01 11864657
8.687e-01 11865983
8.688e-01 11867310
8.689e-01 11868680
8.690e-01 11870012
8.691e-01 11871388
8.692e-01 11872757
8.693e-01 11874057
8.694e-01 11875388
8.695e-01 11876666
8.696e-01 11878030
8.697e-01 11879369
8.698e-01 11880721
8.699e-01 11882016
8.700e-01 11883351
8.701e-01 11884664
8.702e-01 11886037
8.703e-01 11887410
8.704e-01 11888724
8.705e-01 11890108
8.706e-01 11891439
8.707e-01 11892815
8.708e-01 11894120
8.709e-01 11895449
8.710e-01 11896792
8.711e-01 11898102
8.712e-01 11899427
8.713e-01 11900726
8.714e-01 11902115
8.715e-01 11903416
8.716e-01 11904772
8.717e-01 11906034
8.718e-01 11907370
8.719e-01 11908674
8.720e-01 11910004
8.721e-01 11911298
8.722e-01 11912628
8.723e-01 11913932
8.724e-01 11915251
8.725e-01 11916554
8.726e-01 11917890
8.727e-01 11919200
8.728e-01 11920506
8.729e-01 11921774
8.730e-01 11923114
8.731e-01 11924503
8.732e-01 11925823
8.733e-01 11927060
8.734e-01 11928350
8.735e-01 11929696
8.736e-01 11931052
8.737e-01 11932335
8.738e-01 11933613
8.739e-01 11934912
8.740e-01 11936265
8.741e-01 11937603
8.742e-01 11938946
8.743e-01 11940247
8.744e-01 11941613
8.745e-01 11942929
8.746e-01 11944273
8.747e-01 11945690
8.748e-01 11947002
8.749e-01 11948334
8.750e-01 11949645
8.751e-01 11950991
8.752e-01 11952298
8.753e-01 11953634
8.754e-01 11954935
8.755e-01 11956274
8.756e-01 11957600
8.757e-01 11958956
8.758e-01 11960318
8.759e-01 11961658
8.760e-01 11962995
8.761e-01 11964291
8.762e-01 11965649
8.763e-01 11966936
8.764e-01 11968294
8.765e-01 11969566
8.766e-01 11970851
8.767e-01 11972201
8.768e-01 11973563
8.769e-01 11974892
8.770e-01 11976157
8.771e-01 11977485
8.772e-01 11978829
8.773e-01 11980174
8.774e-01 11981488
8.775e-01 11982854
8.776e-01 11984137
8.777e-01 11985460
8.778e-01 11986810
8.779e-01 11988140
8.780e-01 11989459
8.781e-01 11990756
8.782e-01 11992082
8.783e-01 11993402
8.784e-01 11994730
8.785e-01 11996080
8.786e-01 11997431
8.787e-01 11998744
8.788e-01 12000111
8.789e-01 12001450
8.790e-01 12002813
8.791e-01 12004176
8.792e-01 12005437
8.793e-01 12006780
8.794e-01 12008099
8.795e-01 12009460
8.796e-01 12010742
8.797e-01 12012093
8.798e-01 12013410
8.799e-01 12014739
8.800e-01 12016080
8.801e-01 12017352
8.802e-01 12018735
8.803e-01 12020042
8.804e-01 12021347
8.805e-01 12022654
8.806e-01 12024009
8.807e-01 12025286
8.808e-01 12026579
8.809e-01 12027921
8.810e-01 12029259
8.811e-01 12030603
8.812e-01 12031937
8.813e-01 12033342
8.814e-01 12034648
8.815e-01 12035992
8.816e-01 12037325
8.817e-01 12038655
8.818e-01 12039953
8.819e-01 12041275
8.820e-01 12042583
8.821e-01 12043920
8.822e-01 12045304
8.823e-01 12046580
8.824e-01 12047919
8.825e-01 12049198
8.826e-01 12050524
8.827e-01 12051819
8.828e-01 12053146
8.829e-01 12054481
8.830e-01 12055850
8.831e-01 12057153
8.832e-01 12058469
8.833e-01 12059855
8.834e-01 12061167
8.835e-01 12062510
8.836e-01 12063805
8.837e-01 12065137
8.838e-01 12066413
8.839e-01 12067747
8.840e-01 12069127
8.841e-01 12070462
8.842e-01 12071743
8.843e-01 12073097
8.844e-01 12074436
8.845e-01 12075753
8.846e-01 12077052
8.847e-01 12078416
8.848e-01 12079752
8.849e-01 12081021
8.850e-01 12082365
8.851e-01 12083679
8.852e-01 12085021
8.853e-01 12086300
8.854e-01 12087636
8.855e-01 12088976
8.856e-01 12090228
8.857e-01 12091547
8.858e-01 12092882
8.859e-01 12094183
8.860e-01 12095504
8.861e-01 12096834
8.862e-01 12098229
8.863e-01 12099564
8.864e-01 12100895
8.865e-01 12102217
8.866e-01 12103545
8.867e-01 12104870
8.868e-01 12106255
8.869e-01 12107572
8.870e-01 12108903
8.871e-01 12110198
8.872e-01 12111509
8.873e-01 12112813
8.874e-01 12114161
8.875e-01 12115471
8.876e-01 12116814
8.877e-01 12118173
8.878e-01 12119476
8.879e-01 12120842
8.880e-01 12122197
8.881e-01 12123535
8.882e-01 12124867
8.883e-01 12126236
8.884e-01 12127558
8.885e-01 12128924
8.886e-01 12130294
8.887e-01 12131631
8.888e-01 12132969
8.889e-01 12134298
8.890e-01 12135653
8.891e-01 12136971
8.892e-01 12138278
8.893e-01 12139615
8.894e-01 12140937
8.895e-01 12142253
8.896e-01 12143632
8.897e-01 12144918
8.898e-01 12146233
8.899e-01 12147529
8.900e-01 12148845
8.901e-01 12150189
8.902e-01 12151554
8.903e-01 12152849
8.904e-01 12154205
8.905e-01 12155467
8.906e-01 12156834
8.907e-01 12158149
8.908e-01 12159475
8.909e-01 12160779
8.910e-01 12162133
8.911e-01 12163493
8.912e-01 12164813
8.913e-01 12166119
8.914e-01 12167423
8.915e-01 12168713
8.916e-01 12170038
8.917e-01 12171364
8.918e-01 12172672
8.919e-01 12173961
8.920e-01 12175242
8.921e-01 12176538
8.922e-01 12177874
8.923e-01 12179183
8.924e-01 12180471
8.925e-01 12181793
8.926e-01 12183133
8.927e-01 12184434
8.928e-01 12185774
8.929e-01 12187061
8.930e-01 12188358
8.931e-01 12189685
8.932e-01 12190993
8.933e-01 12192314
8.934e-01 12193595
8.935e-01 12194973
8.936e-01 12196358
8.937e-01 12197714
8.938e-01 12199018
8.939e-01 12200327
8.940e-01 12201624
8.941e-01 12203004
8.942e-01 12204324
8.943e-01 12205650
8.944e-01 12206981
8.945e-01 12208305
8.946e-01 12209656
8.947e-01 12210965
8.948e-01 12212255
8.949e-01 12213626
8.950e-01 12214968
8.951e-01 12216241
8.952e-01 12217570
8.953e-01 12218919
8.954e-01 12220233
8.955e-01 12221547
8.956e-01 12222866
8.957e-01 12224184
8.958e-01 12225538
8.959e-01 12226833
8.960e-01 12228134
8.961e-01 12229435
8.962e-01 12230757
8.963e-01 12232069
8.964e-01 12233334
8.965e-01 12234714
8.966e-01 12235986
8.967e-01 12237305
8.968e-01 12238599
8.969e-01 12239971
8.970e-01 12241282
8.971e-01 12242633
8.972e-01 12243966
8.973e-01 12245332
8.974e-01 12246626
8.975e-01 12247995
8.976e-01 12249347
8.977e-01 12250690
8.978e-01 12251965
8.979e-01 12253284
8.980e-01 12254615
8.981e-01 12255909
8.982e-01 12257285
8.983e-01 12258593
8.984e-01 12259915
8.985e-01 12261258
8.986e-01 12262543
8.987e-01 12263817
8.988e-01 12265162
8.989e-01 12266532
8.990e-01 12267855
8.991e-01 12269220
8.992e-01 12270551
8.993e-01 12271872
8.994e-01 12273195
8.995e-01 12274486
8.996e-01 12275823
8.997e-01 12277167
8.998e-01 12278512
8.999e-01 12279806
9.000e-01 12281135
9.001e-01 12282443
9.002e-01 12283761
9.003e-01 12285093
9.004e-01 12286436
9.005e-01 12287724
9.006e-01 12289071
9.007e-01 12290445
9.008e-01 12291808
9.009e-01 12293176
9.010e-01 12294483
9.011e-01 12295822
9.012e-01 12297166
9.013e-01 12298477
9.014e-01 12299792
9.015e-01 12301183
9.016e-01 12302487
9.017e-01 12303796
9.018e-01 12305155
9.019e-01 12306433
9.020e-01 12307705
9.021e-01 12308996
9.022e-01 12310305
9.023e-01 12311626
9.024e-01 12312993
9.025e-01 12314354
9.026e-01 12315676
9.027e-01 12316970
9.028e-01 12318295
9.029e-01 12319596
9.030e-01 12320888
9.031e-01 12322190
9.032e-01 12323493
9.033e-01 12324841
9.034e-01 12326180
9.035e-01 12327455
9.036e-01 12328751
9.037e-01 12330097
9.038e-01 12331383
9.039e-01 12332688
9.040e-01 12334070
9.041e-01 12335347
9.042e-01 12336688
9.043e-01 12338005
9.044e-01 12339316
9.045e-01 12340617
9.046e-01 12341972
9.047e-01 12343311
9.048e-01 12344639
9.049e-01 12345898
9.050e-01 12347282
9.051e-01 12348611
9.052e-01 12349874
9.053e-01 12351220
9.054e-01 12352493
9.055e-01 12353881
9.056e-01 12355181
9.057e-01 12356492
9.058e-01 12357831
9.059e-01 12359099
9.060e-01 12360458
9.061e-01 12361786
9.062e-01 12363079
9.063e-01 12364368
9.064e-01 12365761
9.065e-01 12367037
9.066e-01 12368367
9.067e-01 12369642
9.068e-01 12370994
9.069e-01 12372264
9.070e-01 12373622
9.071e-01 12375016
9.072e-01 12376335
9.073e-01 12377644
9.074e-01 12378941
9.075e-01 12380288
9.076e-01 12381565
9.077e-01 12382898
9.078e-01 12384197
9.079e-01 12385457
9.080e-01 12386777
9.081e-01 12388112
9.082e-01 12389430
9.083e-01 12390725
9.084e-01 12392088
9.085e-01 12393386
9.086e-01 12394698
9.087e-01 12396013
9.088e-01 12397365
9.089e-01 12398654
9.090e-01 12400041
9.091e-01 12401352
9.092e-01 12402643
9.093e-01 12403972
9.094e-01 12405305
9.095e-01 12406612
9.096e-01 12407923
9.097e-01 12409297
9.098e-01 12410611
9.099e-01 12411917
9.100e-01 12413236
9.101e-01 12414590
9.102e-01 12415873
9.103e-01 12417207
9.104e-01 12418520
9.105e-01 12419847
9.106e-01 12421205
9.107e-01 12422460
9.108e-01 12423812
9.109e-01 12425093
9.110e-01 12426387
9.111e-01 12427695
9.112e-01 12429021
9.113e-01 12430304
9.114e-01 12431644
9.115e-01 12432969
9.116e-01 12434274
9.117e-01 12435575
9.118e-01 12436853
9.119e-01 12438210
9.120e-01 12439522
9.121e-01 12440843
9.122e-01 12442172
9.123e-01 12443458
9.124e-01 12444711
9.125e-01 12446039
9.126e-01 12447348
9.127e-01 12448669
9.128e-01 12449968
9.129e-01 12451277
9.130e-01 12452595
9.131e-01 12453900
9.132e-01 12455275
9.133e-01 12456571
9.134e-01 12457919
9.135e-01 12459238
9.136e-01 12460583
9.137e-01 12461939
9.138e-01 12463188
9.139e-01 12464487
9.140e-01 12465795
9.141e-01 12467096
9.142e-01 12468469
9.143e-01 12469828
9.144e-01 12471174
9.145e-01 12472534
9.146e-01 12473843
9.147e-01 12475178
9.148e-01 12476519
9.149e-01 12477816
9.150e-01 12479123
9.151e-01 12480442
9.152e-01 12481744
9.153e-01 12483073
9.154e-01 12484357
9.155e-01 12485697
9.156e-01 12486998
9.157e-01 12488330
9.158e-01 12489639
9.159e-01 12490949
9.160e-01 12492297
9.161e-01 12493591
9.162e-01 12494925
9.163e-01 12496272
9.164e-01 12497626
9.165e-01 12498917
9.166e-01 12500275
9.167e-01 12501602
9.168e-01 12502901
9.169e-01 12504167
9.170e-01 12505475
9.171e-01 12506852
9.172e-01 12508176
9.173e-01 12509497
9.174e-01 12510829
9.175e-01 12512140
9.176e-01 12513480
9.177e-01 12514872
9.178e-01 12516191
9.179e-01 12517499
9.180e-01 12518817
9.181e-01 12520130
9.182e-01 12521418
9.183e-01 12522753
9.184e-01 12524040
9.185e-01 12525338
9.186e-01 12526654
9.187e-01 12527963
9.188e-01 12529304
9.189e-01 12530603
9.190e-01 12531919
9.191e-01 12533229
9.192e-01 12534565
9.193e-01 12535921
9.194e-01 12537267
9.195e-01 12538537
9.196e-01 12539876
9.197e-01 12541164
9.198e-01 12542479
9.199e-01 12543779
9.200e-01 12545100
9.201e-01 12546439
9.202e-01 12547753
9.203e-01 12549028
9.204e-01 12550302
9.205e-01 12551625
9.206e-01 12552932
9.207e-01 12554234
9.208e-01 12555528
9.209e-01 12556803
9.210e-01 12558128
9.211e-01 12559479
9.212e-01 12560809
9.213e-01 12562087
9.214e-01 12563487
9.215e-01 12564763
9.216e-01 12566094
9.217e-01 12567434
9.218e-01 12568756
9.219e-01 12570033
9.220e-01 12571317
9.221e-01 12572666
9.222e-01 12573942
9.223e-01 12575248
9.224e-01 12576616
9.225e-01 12577952
9.226e-01 12579290
9.227e-01 12580614
9.228e-01 12581918
9.229e-01 12583231
9.230e-01 12584545
9.231e-01 12585846
9.232e-01 12587153
9.233e-01 12588535
9.234e-01 12589907
9.235e-01 12591204
9.236e-01 12592517
9.237e-01 12593806
9.238e-01 12595088
9.239e-01 12596374
9.240e-01 12597700
9.241e-01 12599005
9.242e-01 12600323
9.243e-01 12601595
9.244e-01 12602941
9.245e-01 12604255
9.246e-01 12605581
9.247e-01 12606876
9.248e-01 12608179
9.249e-01 12609539
9.250e-01 12610868
9.251e-01 12612204
9.252e-01 12613522
9.253e-01 12614862
9.254e-01 12616182
9.255e-01 12617487
9.256e-01 12618848
9.257e-01 12620156
9.258e-01 12621494
9.259e-01 12622769
9.260e-01 12624067
9.261e-01 12625381
9.262e-01 12626651
9.263e-01 12627941
9.264e-01 12629238
9.265e-01 12630540
9.266e-01 12631861
9.267e-01 12633181
9.268e-01 12634594
9.269e-01 12635881
9.270e-01 12637248
9.271e-01 12638560
9.272e-01 12639843
9.273e-01 12641151
9.274e-01 12642453
9.275e-01 12643843
9.276e-01 12645192
9.277e-01 12646499
9.278e-01 12647761
9.279e-01 12649133
9.280e-01 12650436
9.281e-01 12651703
9.282e-01 12653079
9.283e-01 12654382
9.284e-01 12655737
9.285e-01 12657061
9.286e-01 12658355
9.287e-01 12659704
9.288e-01 12660991
9.289e-01 12662312
9.290e-01 12663583
9.291e-01 12664845
9.292e-01 12666145
9.293e-01 12667536
9.294e-01 12668899
9.295e-01 12670242
9.296e-01 12671573
9.297e-01 12672839
9.298e-01 12674145
9.299e-01 12675493
9.300e-01 12676816
9.301e-01 12678111
9.302e-01 12679390
9.303e-01 12680712
9.304e-01 12682034
9.305e-01 12683314
9.306e-01 12684604
9.307e-01 12685973
9.308e-01 12687254
9.309e-01 12688595
9.310e-01 12689871
9.311e-01 12691207
9.312e-01 12692520
9.313e-01 12693811
9.314e-01 12695146
9.315e-01 12696461
9.316e-01 12697846
9.317e-01 12699155
9.318e-01 12700463
9.319e-01 12701800
9.320e-01 12703110
9.321e-01 12704403
9.322e-01 12705768
9.323e-01 12707079
9.324e-01 12708444
9.325e-01 12709718
9.326e-01 12711062
9.327e-01 12712363
9.328e-01 12713677
9.329e-01 12715007
9.330e-01 12716383
9.331e-01 12717735
9.332e-01 12719032
9.333e-01 12720331
9.334e-01 12721625
9.335e-01 12722959
9.336e-01 12724284
9.337e-01 12725632
9.338e-01 12726925
9.339e-01 12728248
9.340e-01 12729574
9.341e-01 12730866
9.342e-01 12732162
9.343e-01 12733468
9.344e-01 12734786
9.345e-01 12736143
9.346e-01 12737463
9.347e-01 12738765
9.348e-01 12739992
9.349e-01 12741281
9.350e-01 12742612
9.351e-01 12743922
9.352e-01 12745278
9.353e-01 12746637
9.354e-01 12748022
9.355e-01 12749262
9.356e-01 12750568
9.357e-01 12751852
9.358e-01 12753143
9.359e-01 12754487
9.360e-01 12755803
9.361e-01 12757074
9.362e-01 12758430
9.363e-01 12759742
9.364e-01 12761018
9.365e-01 12762307
9.366e-01 12763614
9.367e-01 12764974
9.368e-01 12766287
9.369e-01 12767595
9.370e-01 12768923
9.371e-01 12770222
9.372e-01 12771513
9.373e-01 12772837
9.374e-01 12774172
9.375e-01 12775465
9.376e-01 12776808
9.377e-01 12778115
9.378e-01 12779422
9.379e-01 12780735
9.380e-01 12782045
9.381e-01 12783394
9.382e-01 12784712
9.383e-01 12785996
9.384e-01 12787356
9.385e-01 12788668
9.386e-01 12789976
9.387e-01 12791323
9.388e-01 12792621
9.389e-01 12793959
9.390e-01 12795307
9.391e-01 12796629
9.392e-01 12797983
9.393e-01 12799307
9.394e-01 12800660
9.395e-01 12801916
9.396e-01 12803240
9.397e-01 12804578
9.398e-01 12805847
9.399e-01 12807148
9.400e-01 12808424
9.401e-01 12809700
9.402e-01 12811017
9.403e-01 12812373
9.404e-01 12813728
9.405e-01 12815045
9.406e-01 12816384
9.407e-01 12817717
9.408e-01 12819062
9.409e-01 12820426
9.410e-01 12821792
9.411e-01 12823140
9.412e-01 12824444
9.413e-01 12825746
9.414e-01 12827081
9.415e-01 12828396
9.416e-01 12829685
9.417e-01 12831044
9.418e-01 12832354
9.419e-01 12833679
9.420e-01 12834971
9.421e-01 12836301
9.422e-01 12837653
9.423e-01 12838950
9.424e-01 12840306
9.425e-01 12841636
9.426e-01 12842929
9.427e-01 12844243
9.428e-01 12845502
9.429e-01 12846748
9.430e-01 12848102
9.431e-01 12849481
9.432e-01 12850806
9.433e-01 12852060
9.434e-01 12853352
9.435e-01 12854636
9.436e-01 12855930
9.437e-01 12857267
9.438e-01 12858577
9.439e-01 12859918
9.440e-01 12861218
9.441e-01 12862520
9.442e-01 12863775
9.443e-01 12865109
9.444e-01 12866473
9.445e-01 12867803
9.446e-01 12869126
9.447e-01 12870454
9.448e-01 12871793
9.449e-01 12873096
9.450e-01 12874384
9.451e-01 12875730
9.452e-01 12877065
9.453e-01 12878398
9.454e-01 12879755
9.455e-01 12881032
9.456e-01 12882355
9.457e-01 12883650
9.458e-01 12884978
9.459e-01 12886283
9.460e-01 12887599
9.461e-01 12888931
9.462e-01 12890261
9.463e-01 12891604
9.464e-01 12892966
9.465e-01 12894274
9.466e-01 12895561
9.467e-01 12896847
9.468e-01 12898162
9.469e-01 12899491
9.470e-01 12900825
9.471e-01 12902175
9.472e-01 12903542
9.473e-01 12904869
9.474e-01 12906155
9.475e-01 12907445
9.476e-01 12908784
9.477e-01 12910057
9.478e-01 12911335
9.479e-01 12912718
9.480e-01 12914025
9.481e-01 12915278
9.482e-01 12916591
9.483e-01 12917926
9.484e-01 12919247
9.485e-01 12920562
9.486e-01 12921823
9.487e-01 12923179
9.488e-01 12924490
9.489e-01 12925798
9.490e-01 12927060
9.491e-01 12928404
9.492e-01 12929703
9.493e-01 12930964
9.494e-01 12932278
9.495e-01 12933611
9.496e-01 12934923
9.497e-01 12936198
9.498e-01 12937538
9.499e-01 12938851
9.500e-01 12940142
9.501e-01 12941425
9.502e-01 12942705
9.503e-01 12944023
9.504e-01 12945367
9.505e-01 12946669
9.506e-01 12947939
9.507e-01 12949207
9.508e-01 12950518
9.509e-01 12951811
9.510e-01 12953086
9.511e-01 12954443
9.512e-01 12955734
9.513e-01 12957055
9.514e-01 12958372
9.515e-01 12959736
9.516e-01 12961036
9.517e-01 12962375
9.518e-01 12963683
9.519e-01 12965053
9.520e-01 12966299
9.521e-01 12967613
9.522e-01 12968876
9.523e-01 12970178
9.524e-01 12971476
9.525e-01 12972786
9.526e-01 12974065
9.527e-01 12975361
9.528e-01 12976708
9.529e-01 12977967
9.530e-01 12979267
9.531e-01 12980616
9.532e-01 12981897
9.533e-01 12983237
9.534e-01 12984579
9.535e-01 12985922
9.536e-01 12987225
9.537e-01 12988559
9.538e-01 12989887
9.539e-01 12991192
9.540e-01 12992431
9.541e-01 12993738
9.542e-01 12995028
9.543e-01 12996327
9.544e-01 12997660
9.545e-01 12999023
9.546e-01 13000364
9.547e-01 13001680
9.548e-01 13003022
9.549e-01 13004285
9.550e-01 13005581
9.551e-01 13006858
9.552e-01 13008212
9.553e-01 13009498
9.554e-01 13010796
9.555e-01 13012109
9.556e-01 13013423
9.557e-01 13014751
9.558e-01 13016090
9.559e-01 13017384
9.560e-01 13018694
9.561e-01 13020015
9.562e-01 13021332
9.563e-01 13022667
9.564e-01 13023928
9.565e-01 13025223
9.566e-01 13026531
9.567e-01 13027893
9.568e-01 13029157
9.569e-01 13030472
9.570e-01 13031759
9.571e-01 13033060
9.572e-01 13034388
9.573e-01 13035742
9.574e-01 13037053
9.575e-01 13038313
9.576e-01 13039619
9.577e-01 13040916
9.578e-01 13042211
9.579e-01 13043542
9.580e-01 13044880
9.581e-01 13046164
9.582e-01 13047514
9.583e-01 13048793
9.584e-01 13050081
9.585e-01 13051385
9.586e-01 13052712
9.587e-01 13054028
9.588e-01 13055317
9.589e-01 13056633
9.590e-01 13057933
9.591e-01 13059218
9.592e-01 13060501
9.593e-01 13061821
9.594e-01 13063107
9.595e-01 13064383
9.596e-01 13065708
9.597e-01 13067088
9.598e-01 13068434
9.599e-01 13069773
9.600e-01 13071093
9.601e-01 13072408
9.602e-01 13073761
9.603e-01 13075106
9.604e-01 13076431
9.605e-01 13077753
9.606e-01 13079057
9.607e-01 13080345
9.608e-01 13081636
9.609e-01 13082909
9.610e-01 13084227
9.611e-01 13085535
9.612e-01 13086801
9.613e-01 13088099
9.614e-01 13089461
9.615e-01 13090781
9.616e-01 13092072
9.617e-01 13093343
9.618e-01 13094677
9.619e-01 13096044
9.620e-01 13097380
9.621e-01 13098722
9.622e-01 13100021
9.623e-01 13101381
9.624e-01 13102635
9.625e-01 13103992
9.626e-01 13105302
9.627e-01 13106617
9.628e-01 13107889
9.629e-01 13109199
9.630e-01 13110530
9.631e-01 13111802
9.632e-01 13113148
9.633e-01 13114479
9.634e-01 13115808
9.635e-01 13117180
9.636e-01 13118566
9.637e-01 13119916
9.638e-01 13121207
9.639e-01 13122448
9.640e-01 13123733
9.641e-01 13125084
9.642e-01 13126354
9.643e-01 13127633
9.644e-01 13128907
9.645e-01 13130197
9.646e-01 13131452
9.647e-01 13132757
9.648e-01 13134087
9.649e-01 13135392
9.650e-01 13136752
9.651e-01 13138064
9.652e-01 13139356
9.653e-01 13140659
9.654e-01 13141991
9.655e-01 13143187
9.656e-01 13144573
9.657e-01 13145885
9.658e-01 13147175
9.659e-01 13148479
9.660e-01 13149760
9.661e-01 13151031
9.662e-01 13152310
9.663e-01 13153648
9.664e-01 13154926
9.665e-01 13156253
9.666e-01 13157583
9.667e-01 13158857
9.668e-01 13160121
9.669e-01 13161454
9.670e-01 13162794
9.671e-01 13164075
9.672e-01 13165394
9.673e-01 13166689
9.674e-01 13167964
9.675e-01 13169217
9.676e-01 13170571
9.677e-01 13171888
9.678e-01 13173259
9.679e-01 13174589
9.680e-01 13175895
9.681e-01 13177273
9.682e-01 13178561
9.683e-01 13179855
9.684e-01 13181141
9.685e-01 13182481
9.686e-01 13183793
9.687e-01 13185112
9.688e-01 13186393
9.689e-01 13187745
9.690e-01 13189107
9.691e-01 13190439
9.692e-01 13191755
9.693e-01 13193089
9.694e-01 13194401
9.695e-01 13195681
9.696e-01 13197005
9.697e-01 13198270
9.698e-01 13199616
9.699e-01 13200914
9.700e-01 13202246
9.701e-01 13203547
9.702e-01 13204864
9.703e-01 13206198
9.704e-01 13207530
9.705e-01 13208789
9.706e-01 13210170
9.707e-01 13211493
9.708e-01 13212797
9.709e-01 13214127
9.710e-01 13215470
9.711e-01 13216758
9.712e-01 13218099
9.713e-01 13219439
9.714e-01 13220722
9.715e-01 13222031
9.716e-01 13223366
9.717e-01 13224660
9.718e-01 13225987
9.719e-01 13227313
9.720e-01 13228609
9.721e-01 13229892
9.722e-01 13231251
9.723e-01 13232540
9.724e-01 13233899
9.725e-01 13235166
9.726e-01 13236398
9.727e-01 13237728
9.728e-01 13239044
9.729e-01 13240352
9.730e-01 13241702
9.731e-01 13243001
9.732e-01 13244318
9.733e-01 13245651
9.734e-01 13246964
9.735e-01 13248250
9.736e-01 13249529
9.737e-01 13250836
9.738e-01 13252128
9.739e-01 13253413
9.740e-01 13254763
9.741e-01 13256077
9.742e-01 13257389
9.743e-01 13258743
9.744e-01 13260091
9.745e-01 13261349
9.746e-01 13262661
9.747e-01 13264005
9.748e-01 13265325
9.749e-01 13266647
9.750e-01 13268003
9.751e-01 13269300
9.752e-01 13270586
9.753e-01 13271929
9.754e-01 13273243
9.755e-01 13274565
9.756e-01 13275868
9.757e-01 13277199
9.758e-01 13278510
9.759e-01 13279798
9.760e-01 13281063
9.761e-01 13282375
9.762e-01 13283679
9.763e-01 13284931
9.764e-01 13286206
9.765e-01 13287513
9.766e-01 13288870
9.767e-01 13290114
9.768e-01 13291400
9.769e-01 13292715
9.770e-01 13294055
9.771e-01 13295410
9.772e-01 13296759
9.773e-01 13298065
9.774e-01 13299370
9.775e-01 13300703
9.776e-01 13301980
9.777e-01 13303312
9.778e-01 13304612
9.779e-01 13305869
9.780e-01 13307176
9.781e-01 13308475
9.782e-01 13309793
9.783e-01 13311114
9.784e-01 13312510
9.785e-01 13313803
9.786e-01 13315124
9.787e-01 13316451
9.788e-01 13317721
9.789e-01 13319019
9.790e-01 13320352
9.791e-01 13321666
9.792e-01 13322991
9.793e-01 13324348
9.794e-01 13325699
9.795e-01 13327031
9.796e-01 13328368
9.797e-01 13329702
9.798e-01 13331023
9.799e-01 13332297
9.800e-01 13333614
9.801e-01 13334938
9.802e-01 13336272
9.803e-01 13337567
9.804e-01 13338870
9.805e-01 13340220
9.806e-01 13341511
9.807e-01 13342889
9.808e-01 13344247
9.809e-01 13345560
9.810e-01 13346853
9.811e-01 13348146
9.812e-01 13349528
9.813e-01 13350808
9.814e-01 13352102
9.815e-01 13353467
9.816e-01 13354785
9.817e-01 13356121
9.818e-01 13357416
9.819e-01 13358682
9.820e-01 13359998
9.821e-01 13361343
9.822e-01 13362645
9.823e-01 13363982
9.824e-01 13365278
9.825e-01 13366601
9.826e-01 13367928
9.827e-01 13369254
9.828e-01 13370562
9.829e-01 13371881
9.830e-01 13373199
9.831e-01 13374536
9.832e-01 13375858
9.833e-01 13377166
9.834e-01 13378446
9.835e-01 13379692
9.836e-01 13380995
9.837e-01 13382326
9.838e-01 13383680
9.839e-01 13384999
9.840e-01 13386367
9.841e-01 13387690
9.842e-01 13388994
9.843e-01 13390266
9.844e-01 13391567
9.845e-01 13392872
9.846e-01 13394171
9.847e-01 13395455
9.848e-01 13396734
9.849e-01 13398081
9.850e-01 13399330
9.851e-01 13400660
9.852e-01 13401964
9.853e-01 13403273
9.854e-01 13404659
9.855e-01 13405997
9.856e-01 13407341
9.857e-01 13408637
9.858e-01 13409917
9.859e-01 13411243
9.860e-01 13412539
9.861e-01 13413802
9.862e-01 13415166
9.863e-01 13416494
9.864e-01 13417772
9.865e-01 13419152
9.866e-01 13420491
9.867e-01 13421789
9.868e-01 13423080
9.869e-01 13424429
9.870e-01 13425750
9.871e-01 13427019
9.872e-01 13428344
9.873e-01 13429632
9.874e-01 13430950
9.875e-01 13432242
9.876e-01 13433543
9.877e-01 13434902
9.878e-01 13436213
9.879e-01 13437544
9.880e-01 13438899
9.881e-01 13440192
9.882e-01 13441491
9.883e-01 13442811
9.884e-01 13444166
9.885e-01 13445483
9.886e-01 13446786
9.887e-01 13448027
9.888e-01 13449346
9.889e-01 13450656
9.890e-01 13451982
9.891e-01 13453299
9.892e-01 13454564
9.893e-01 13455904
9.894e-01 13457211
9.895e-01 13458558
9.896e-01 13459892
9.897e-01 13461190
9.898e-01 13462464
9.899e-01 13463761
9.900e-01 13465041
9.901e-01 13466338
9.902e-01 13467676
9.903e-01 13468994
9.904e-01 13470305
9.905e-01 13471664
9.906e-01 13472956
9.907e-01 13474270
9.908e-01 13475608
9.909e-01 13476921
9.910e-01 13478265
9.911e-01 13479547
9.912e-01 13480845
9.913e-01 13482151
9.914e-01 13483439
9.915e-01 13484722
9.916e-01 13486094
9.917e-01 13487432
9.918e-01 13488779
9.919e-01 13490049
9.920e-01 13491358
9.921e-01 13492706
9.922e-01 13494006
9.923e-01 13495317
9.924e-01 13496613
9.925e-01 13497945
9.926e-01 13499210
9.927e-01 13500520
9.928e-01 13501812
9.929e-01 13503093
9.930e-01 13504426
9.931e-01 13505660
9.932e-01 13506974
9.933e-01 13508295
9.934e-01 13509614
9.935e-01 13510944
9.936e-01 13512307
9.937e-01 13513530
9.938e-01 13514806
9.939e-01 13516153
9.940e-01 13517476
9.941e-01 13518810
9.942e-01 13520140
9.943e-01 13521457
9.944e-01 13522819
9.945e-01 13524143
9.946e-01 13525511
9.947e-01 13526855
9.948e-01 13528197
9.949e-01 13529557
9.950e-01 13530837
9.951e-01 13532111
9.952e-01 13533414
9.953e-01 13534758
9.954e-01 13536014
9.955e-01 13537337
9.956e-01 13538651
9.957e-01 13540006
9.958e-01 13541355
9.959e-01 13542691
9.960e-01 13543958
9.961e-01 13545330
9.962e-01 13546619
9.963e-01 13547986
9.964e-01 13549304
9.965e-01 13550592
9.966e-01 13551937
9.967e-01 13553302
9.968e-01 13554625
9.969e-01 13555970
9.970e-01 13557294
9.971e-01 13558605
9.972e-01 13559930
9.973e-01 13561235
9.974e-01 13562529
9.975e-01 13563853
9.976e-01 13565211
9.977e-01 13566460
9.978e-01 13567819
9.979e-01 13569149
9.980e-01 13570426
9.981e-01 13571717
9.982e-01 13573060
9.983e-01 13574397
9.984e-01 13575683
9.985e-01 13577013
9.986e-01 13578341
9.987e-01 13579610
9.988e-01 13580951
9.989e-01 13582262
9.990e-01 13583524
9.991e-01 13584894
9.992e-01 13586200
9.993e-01 13587523
9.994e-01 13588873
9.995e-01 13590155
9.996e-01 13591470
9.997e-01 13592800
9.998e-01 13594071
9.999e-01 13595376
1.000e-00 13596633
1.000e+00 13597316
1.001e+00 13603828
1.002e+00 13617037
1.003e+00 13629966
1.004e+00 13643180
1.005e+00 13656313
1.006e+00 13669519
1.007e+00 13682784
1.008e+00 13696028
1.009e+00 13709278
1.010e+00 13722437
1.011e+00 13735526
1.012e+00 13748505
1.013e+00 13761707
1.014e+00 13774872
1.015e+00 13788019
1.016e+00 13801211
1.017e+00 13814566
1.018e+00 13827838
1.019e+00 13841113
1.020e+00 13854380
1.021e+00 13867513
1.022e+00 13880656
1.023e+00 13893808
1.024e+00 13906895
1.025e+00 13920185
1.026e+00 13933243
1.027e+00 13946289
1.028e+00 13959629
1.029e+00 13972825
1.030e+00 13986055
1.031e+00 13999255
1.032e+00 14012353
1.033e+00 14025362
1.034e+00 14038585
1.035e+00 14051789
1.036e+00 14065117
1.037e+00 14078341
1.038e+00 14091659
1.039e+00 14104844
1.040e+00 14118177
1.041e+00 14131303
1.042e+00 14144516
1.043e+00 14157746
1.044e+00 14170949
1.045e+00 14184043
1.046e+00 14197325
1.047e+00 14210564
1.048e+00 14223561
1.049e+00 14236826
1.050e+00 14249919
1.051e+00 14263161
1.052e+00 14276285
1.053e+00 14289643
1.054e+00 14302864
1.055e+00 14315870
1.056e+00 14329132
1.057e+00 14342248
1.058e+00 14355393
1.059e+00 14368630
1.060e+00 14381847
1.061e+00 14395033
1.062e+00 14408187
1.063e+00 14421318
1.064e+00 14434484
1.065e+00 14447609
1.066e+00 14460826
1.067e+00 14474104
1.068e+00 14487216
1.069e+00 14500280
1.070e+00 14513495
1.071e+00 14526687
1.072e+00 14540023
1.073e+00 14553259
1.074e+00 14566513
1.075e+00 14579639
1.076e+00 14592856
1.077e+00 14605945
1.078e+00 14618951
1.079e+00 14632254
1.080e+00 14645469
1.081e+00 14658764
1.082e+00 14672016
1.083e+00 14685159
1.084e+00 14698312
1.085e+00 14711656
1.086e+00 14724909
1.087e+00 14738085
1.088e+00 14751353
1.089e+00 14764498
1.090e+00 14777603
1.091e+00 14790866
