5.000e-01 1065.29
5.001e-01 1065.27
5.002e-01 1065.26
5.003e-01 1065.24
5.004e-01 1065.22
5.005e-01 1065.19
5.006e-01 1065.17
5.007e-01 1065.15
5.008e-01 1065.12
5.009e-01 1065.09
5.010e-01 1065.07
5.011e-01 1065.04
5.012e-01 1065.02
5.013e-01 1065.00
5.014e-01 1064.98
5.015e-01 1064.96
5.016e-01 1064.95
5.017e-01 1064.93
5.018e-01 1064.90
5.019e-01 1064.88
5.020e-01 1064.85
5.021e-01 1064.83
5.022e-01 1064.81
5.023e-01 1064.78
5.024e-01 1064.75
5.025e-01 1064.73
5.026e-01 1064.70
5.027e-01 1064.68
5.028e-01 1064.65
5.029e-01 1064.62
5.030e-01 1064.60
5.031e-01 1064.58
5.032e-01 1064.54
5.033e-01 1064.52
5.034e-01 1064.49
5.035e-01 1064.47
5.036e-01 1064.44
5.037e-01 1064.41
5.038e-01 1064.39
5.039e-01 1064.37
5.040e-01 1064.34
5.041e-01 1064.32
5.042e-01 1064.30
5.043e-01 1064.27
5.044e-01 1064.24
5.045e-01 1064.22
5.046e-01 1064.20
5.047e-01 1064.18
5.048e-01 1064.16
5.049e-01 1064.13
5.050e-01 1064.11
5.051e-01 1064.08
5.052e-01 1064.06
5.053e-01 1064.03
5.054e-01 1064.00
5.055e-01 1063.98
5.056e-01 1063.95
5.057e-01 1063.94
5.058e-01 1063.91
5.059e-01 1063.89
5.060e-01 1063.86
5.061e-01 1063.84
5.062e-01 1063.82
5.063e-01 1063.79
5.064e-01 1063.76
5.065e-01 1063.74
5.066e-01 1063.72
5.067e-01 1063.69
5.068e-01 1063.66
5.069e-01 1063.64
5.070e-01 1063.61
5.071e-01 1063.60
5.072e-01 1063.57
5.073e-01 1063.53
5.074e-01 1063.51
5.075e-01 1063.49
5.076e-01 1063.46
5.077e-01 1063.44
5.078e-01 1063.41
5.079e-01 1063.39
5.080e-01 1063.37
5.081e-01 1063.35
5.082e-01 1063.32
5.083e-01 1063.30
5.084e-01 1063.28
5.085e-01 1063.25
5.086e-01 1063.23
5.087e-01 1063.21
5.088e-01 1063.18
5.089e-01 1063.16
5.090e-01 1063.13
5.091e-01 1063.11
5.092e-01 1063.09
5.093e-01 1063.06
5.094e-01 1063.04
5.095e-01 1063.01
5.096e-01 1062.99
5.097e-01 1062.97
5.098e-01 1062.95
5.099e-01 1062.94
5.100e-01 1062.91
5.101e-01 1062.89
5.102e-01 1062.86
5.103e-01 1062.84
5.104e-01 1062.82
5.105e-01 1062.79
5.106e-01 1062.78
5.107e-01 1062.76
5.108e-01 1062.72
5.109e-01 1062.71
5.110e-01 1062.68
5.111e-01 1062.65
5.112e-01 1062.63
5.113e-01 1062.60
5.114e-01 1062.57
5.115e-01 1062.55
5.116e-01 1062.52
5.117e-01 1062.50
5.118e-01 1062.47
5.119e-01 1062.45
5.120e-01 1062.43
5.121e-01 1062.41
5.122e-01 1062.38
5.123e-01 1062.36
5.124e-01 1062.34
5.125e-01 1062.30
5.126e-01 1062.28
5.127e-01 1062.26
5.128e-01 1062.23
5.129e-01 1062.21
5.130e-01 1062.19
5.131e-01 1062.16
5.132e-01 1062.14
5.133e-01 1062.12
5.134e-01 1062.09
5.135e-01 1062.06
5.136e-01 1062.04
5.137e-01 1062.02
5.138e-01 1062.00
5.139e-01 1061.97
5.140e-01 1061.94
5.141e-01 1061.91
5.142e-01 1061.89
5.143e-01 1061.87
5.144e-01 1061.85
5.145e-01 1061.82
5.146e-01 1061.80
5.147e-01 1061.77
5.148e-01 1061.75
5.149e-01 1061.73
5.150e-01 1061.70
5.151e-01 1061.67
5.152e-01 1061.65
5.153e-01 1061.62
5.154e-01 1061.60
5.155e-01 1061.57
5.156e-01 1061.54
5.157e-01 1061.52
5.158e-01 1061.49
5.159e-01 1061.46
5.160e-01 1061.44
5.161e-01 1061.41
5.162e-01 1061.38
5.163e-01 1061.36
5.164e-01 1061.33
5.165e-01 1061.31
5.166e-01 1061.29
5.167e-01 1061.27
5.168e-01 1061.24
5.169e-01 1061.22
5.170e-01 1061.20
5.171e-01 1061.18
5.172e-01 1061.16
5.173e-01 1061.14
5.174e-01 1061.11
5.175e-01 1061.08
5.176e-01 1061.05
5.177e-01 1061.03
5.178e-01 1061.01
5.179e-01 1060.99
5.180e-01 1060.97
5.181e-01 1060.94
5.182e-01 1060.91
5.183e-01 1060.88
5.184e-01 1060.86
5.185e-01 1060.84
5.186e-01 1060.81
5.187e-01 1060.78
5.188e-01 1060.77
5.189e-01 1060.75
5.190e-01 1060.72
5.191e-01 1060.70
5.192e-01 1060.68
5.193e-01 1060.66
5.194e-01 1060.63
5.195e-01 1060.61
5.196e-01 1060.58
5.197e-01 1060.56
5.198e-01 1060.53
5.199e-01 1060.51
5.200e-01 1060.48
5.201e-01 1060.46
5.202e-01 1060.44
5.203e-01 1060.41
5.204e-01 1060.39
5.205e-01 1060.38
5.206e-01 1060.35
5.207e-01 1060.32
5.208e-01 1060.30
5.209e-01 1060.28
5.210e-01 1060.25
5.211e-01 1060.23
5.212e-01 1060.21
5.213e-01 1060.18
5.214e-01 1060.16
5.215e-01 1060.13
5.216e-01 1060.11
5.217e-01 1060.09
5.218e-01 1060.07
5.219e-01 1060.04
5.220e-01 1060.02
5.221e-01 1059.99
5.222e-01 1059.96
5.223e-01 1059.94
5.224e-01 1059.91
5.225e-01 1059.89
5.226e-01 1059.87
5.227e-01 1059.84
5.228e-01 1059.82
5.229e-01 1059.80
5.230e-01 1059.77
5.231e-01 1059.75
5.232e-01 1059.73
5.233e-01 1059.70
5.234e-01 1059.68
5.235e-01 1059.65
5.236e-01 1059.63
5.237e-01 1059.61
5.238e-01 1059.59
5.239e-01 1059.57
5.240e-01 1059.55
5.241e-01 1059.53
5.242e-01 1059.51
5.243e-01 1059.48
5.244e-01 1059.46
5.245e-01 1059.43
5.246e-01 1059.41
5.247e-01 1059.39
5.248e-01 1059.37
5.249e-01 1059.35
5.250e-01 1059.33
5.251e-01 1059.30
5.252e-01 1059.29
5.253e-01 1059.26
5.254e-01 1059.25
5.255e-01 1059.22
5.256e-01 1059.20
5.257e-01 1059.17
5.258e-01 1059.15
5.259e-01 1059.12
5.260e-01 1059.10
5.261e-01 1059.07
5.262e-01 1059.05
5.263e-01 1059.03
5.264e-01 1059.00
5.265e-01 1058.98
5.266e-01 1058.96
5.267e-01 1058.93
5.268e-01 1058.91
5.269e-01 1058.89
5.270e-01 1058.87
5.271e-01 1058.85
5.272e-01 1058.82
5.273e-01 1058.80
5.274e-01 1058.78
5.275e-01 1058.75
5.276e-01 1058.73
5.277e-01 1058.71
5.278e-01 1058.69
5.279e-01 1058.67
5.280e-01 1058.64
5.281e-01 1058.63
5.282e-01 1058.61
5.283e-01 1058.59
5.284e-01 1058.56
5.285e-01 1058.54
5.286e-01 1058.51
5.287e-01 1058.49
5.288e-01 1058.46
5.289e-01 1058.43
5.290e-01 1058.41
5.291e-01 1058.38
5.292e-01 1058.35
5.293e-01 1058.33
5.294e-01 1058.31
5.295e-01 1058.28
5.296e-01 1058.26
5.297e-01 1058.24
5.298e-01 1058.22
5.299e-01 1058.19
5.300e-01 1058.17
5.301e-01 1058.15
5.302e-01 1058.13
5.303e-01 1058.10
5.304e-01 1058.08
5.305e-01 1058.05
5.306e-01 1058.03
5.307e-01 1058.01
5.308e-01 1057.98
5.309e-01 1057.96
5.310e-01 1057.93
5.311e-01 1057.91
5.312e-01 1057.89
5.313e-01 1057.87
5.314e-01 1057.85
5.315e-01 1057.82
5.316e-01 1057.80
5.317e-01 1057.77
5.318e-01 1057.75
5.319e-01 1057.73
5.320e-01 1057.71
5.321e-01 1057.69
5.322e-01 1057.66
5.323e-01 1057.63
5.324e-01 1057.61
5.325e-01 1057.58
5.326e-01 1057.56
5.327e-01 1057.54
5.328e-01 1057.52
5.329e-01 1057.50
5.330e-01 1057.47
5.331e-01 1057.45
5.332e-01 1057.42
5.333e-01 1057.40
5.334e-01 1057.38
5.335e-01 1057.35
5.336e-01 1057.32
5.337e-01 1057.30
5.338e-01 1057.28
5.339e-01 1057.25
5.340e-01 1057.23
5.341e-01 1057.21
5.342e-01 1057.19
5.343e-01 1057.16
5.344e-01 1057.13
5.345e-01 1057.12
5.346e-01 1057.10
5.347e-01 1057.08
5.348e-01 1057.06
5.349e-01 1057.03
5.350e-01 1057.00
5.351e-01 1056.98
5.352e-01 1056.96
5.353e-01 1056.93
5.354e-01 1056.91
5.355e-01 1056.89
5.356e-01 1056.86
5.357e-01 1056.84
5.358e-01 1056.82
5.359e-01 1056.80
5.360e-01 1056.77
5.361e-01 1056.75
5.362e-01 1056.72
5.363e-01 1056.70
5.364e-01 1056.67
5.365e-01 1056.65
5.366e-01 1056.61
5.367e-01 1056.59
5.368e-01 1056.56
5.369e-01 1056.54
5.370e-01 1056.52
5.371e-01 1056.49
5.372e-01 1056.47
5.373e-01 1056.45
5.374e-01 1056.43
5.375e-01 1056.40
5.376e-01 1056.37
5.377e-01 1056.35
5.378e-01 1056.32
5.379e-01 1056.30
5.380e-01 1056.27
5.381e-01 1056.25
5.382e-01 1056.22
5.383e-01 1056.20
5.384e-01 1056.18
5.385e-01 1056.15
5.386e-01 1056.13
5.387e-01 1056.10
5.388e-01 1056.08
5.389e-01 1056.05
5.390e-01 1056.03
5.391e-01 1056.01
5.392e-01 1055.99
5.393e-01 1055.96
5.394e-01 1055.94
5.395e-01 1055.91
5.396e-01 1055.89
5.397e-01 1055.86
5.398e-01 1055.83
5.399e-01 1055.81
5.400e-01 1055.79
5.401e-01 1055.77
5.402e-01 1055.76
5.403e-01 1055.73
5.404e-01 1055.71
5.405e-01 1055.68
5.406e-01 1055.66
5.407e-01 1055.63
5.408e-01 1055.61
5.409e-01 1055.59
5.410e-01 1055.57
5.411e-01 1055.55
5.412e-01 1055.53
5.413e-01 1055.50
5.414e-01 1055.49
5.415e-01 1055.46
5.416e-01 1055.43
5.417e-01 1055.41
5.418e-01 1055.38
5.419e-01 1055.36
5.420e-01 1055.33
5.421e-01 1055.31
5.422e-01 1055.28
5.423e-01 1055.26
5.424e-01 1055.23
5.425e-01 1055.20
5.426e-01 1055.18
5.427e-01 1055.16
5.428e-01 1055.13
5.429e-01 1055.11
5.430e-01 1055.09
5.431e-01 1055.07
5.432e-01 1055.04
5.433e-01 1055.02
5.434e-01 1055.00
5.435e-01 1054.97
5.436e-01 1054.95
5.437e-01 1054.93
5.438e-01 1054.91
5.439e-01 1054.88
5.440e-01 1054.86
5.441e-01 1054.84
5.442e-01 1054.81
5.443e-01 1054.79
5.444e-01 1054.77
5.445e-01 1054.74
5.446e-01 1054.72
5.447e-01 1054.69
5.448e-01 1054.67
5.449e-01 1054.65
5.450e-01 1054.62
5.451e-01 1054.60
5.452e-01 1054.58
5.453e-01 1054.56
5.454e-01 1054.54
5.455e-01 1054.52
5.456e-01 1054.49
5.457e-01 1054.47
5.458e-01 1054.45
5.459e-01 1054.43
5.460e-01 1054.40
5.461e-01 1054.38
5.462e-01 1054.35
5.463e-01 1054.33
5.464e-01 1054.31
5.465e-01 1054.29
5.466e-01 1054.26
5.467e-01 1054.24
5.468e-01 1054.22
5.469e-01 1054.20
5.470e-01 1054.18
5.471e-01 1054.15
5.472e-01 1054.12
5.473e-01 1054.10
5.474e-01 1054.07
5.475e-01 1054.05
5.476e-01 1054.02
5.477e-01 1053.99
5.478e-01 1053.97
5.479e-01 1053.95
5.480e-01 1053.93
5.481e-01 1053.91
5.482e-01 1053.89
5.483e-01 1053.86
5.484e-01 1053.83
5.485e-01 1053.81
5.486e-01 1053.79
5.487e-01 1053.77
5.488e-01 1053.74
5.489e-01 1053.71
5.490e-01 1053.69
5.491e-01 1053.67
5.492e-01 1053.64
5.493e-01 1053.62
5.494e-01 1053.59
5.495e-01 1053.57
5.496e-01 1053.55
5.497e-01 1053.52
5.498e-01 1053.50
5.499e-01 1053.48
5.500e-01 1053.46
5.501e-01 1053.43
5.502e-01 1053.41
5.503e-01 1053.38
5.504e-01 1053.35
5.505e-01 1053.33
5.506e-01 1053.31
5.507e-01 1053.29
5.508e-01 1053.27
5.509e-01 1053.24
5.510e-01 1053.22
5.511e-01 1053.20
5.512e-01 1053.17
5.513e-01 1053.15
5.514e-01 1053.12
5.515e-01 1053.09
5.516e-01 1053.07
5.517e-01 1053.05
5.518e-01 1053.03
5.519e-01 1053.00
5.520e-01 1052.98
5.521e-01 1052.96
5.522e-01 1052.93
5.523e-01 1052.91
5.524e-01 1052.88
5.525e-01 1052.86
5.526e-01 1052.83
5.527e-01 1052.81
5.528e-01 1052.79
5.529e-01 1052.76
5.530e-01 1052.74
5.531e-01 1052.71
5.532e-01 1052.68
5.533e-01 1052.66
5.534e-01 1052.64
5.535e-01 1052.61
5.536e-01 1052.59
5.537e-01 1052.58
5.538e-01 1052.56
5.539e-01 1052.54
5.540e-01 1052.52
5.541e-01 1052.49
5.542e-01 1052.47
5.543e-01 1052.44
5.544e-01 1052.41
5.545e-01 1052.39
5.546e-01 1052.36
5.547e-01 1052.33
5.548e-01 1052.31
5.549e-01 1052.30
5.550e-01 1052.27
5.551e-01 1052.25
5.552e-01 1052.23
5.553e-01 1052.20
5.554e-01 1052.18
5.555e-01 1052.16
5.556e-01 1052.14
5.557e-01 1052.12
5.558e-01 1052.10
5.559e-01 1052.08
5.560e-01 1052.05
5.561e-01 1052.03
5.562e-01 1052.01
5.563e-01 1051.98
5.564e-01 1051.95
5.565e-01 1051.93
5.566e-01 1051.90
5.567e-01 1051.87
5.568e-01 1051.86
5.569e-01 1051.84
5.570e-01 1051.83
5.571e-01 1051.80
5.572e-01 1051.78
5.573e-01 1051.76
5.574e-01 1051.74
5.575e-01 1051.71
5.576e-01 1051.68
5.577e-01 1051.66
5.578e-01 1051.63
5.579e-01 1051.60
5.580e-01 1051.58
5.581e-01 1051.56
5.582e-01 1051.54
5.583e-01 1051.52
5.584e-01 1051.50
5.585e-01 1051.48
5.586e-01 1051.45
5.587e-01 1051.43
5.588e-01 1051.41
5.589e-01 1051.38
5.590e-01 1051.36
5.591e-01 1051.33
5.592e-01 1051.30
5.593e-01 1051.28
5.594e-01 1051.26
5.595e-01 1051.24
5.596e-01 1051.22
5.597e-01 1051.20
5.598e-01 1051.18
5.599e-01 1051.15
5.600e-01 1051.12
5.601e-01 1051.10
5.602e-01 1051.08
5.603e-01 1051.06
5.604e-01 1051.04
5.605e-01 1051.02
5.606e-01 1051.00
5.607e-01 1050.98
5.608e-01 1050.96
5.609e-01 1050.94
5.610e-01 1050.91
5.611e-01 1050.88
5.612e-01 1050.86
5.613e-01 1050.84
5.614e-01 1050.81
5.615e-01 1050.80
5.616e-01 1050.77
5.617e-01 1050.76
5.618e-01 1050.73
5.619e-01 1050.71
5.620e-01 1050.69
5.621e-01 1050.67
5.622e-01 1050.65
5.623e-01 1050.63
5.624e-01 1050.59
5.625e-01 1050.57
5.626e-01 1050.55
5.627e-01 1050.53
5.628e-01 1050.50
5.629e-01 1050.49
5.630e-01 1050.46
5.631e-01 1050.44
5.632e-01 1050.42
5.633e-01 1050.41
5.634e-01 1050.39
5.635e-01 1050.36
5.636e-01 1050.34
5.637e-01 1050.32
5.638e-01 1050.29
5.639e-01 1050.27
5.640e-01 1050.25
5.641e-01 1050.23
5.642e-01 1050.21
5.643e-01 1050.18
5.644e-01 1050.16
5.645e-01 1050.14
5.646e-01 1050.12
5.647e-01 1050.10
5.648e-01 1050.07
5.649e-01 1050.05
5.650e-01 1050.02
5.651e-01 1050.00
5.652e-01 1049.98
5.653e-01 1049.96
5.654e-01 1049.94
5.655e-01 1049.92
5.656e-01 1049.89
5.657e-01 1049.87
5.658e-01 1049.85
5.659e-01 1049.82
5.660e-01 1049.79
5.661e-01 1049.77
5.662e-01 1049.75
5.663e-01 1049.73
5.664e-01 1049.70
5.665e-01 1049.68
5.666e-01 1049.66
5.667e-01 1049.63
5.668e-01 1049.61
5.669e-01 1049.58
5.670e-01 1049.55
5.671e-01 1049.53
5.672e-01 1049.50
5.673e-01 1049.48
5.674e-01 1049.46
5.675e-01 1049.44
5.676e-01 1049.42
5.677e-01 1049.40
5.678e-01 1049.38
5.679e-01 1049.36
5.680e-01 1049.34
5.681e-01 1049.32
5.682e-01 1049.30
5.683e-01 1049.27
5.684e-01 1049.25
5.685e-01 1049.22
5.686e-01 1049.20
5.687e-01 1049.17
5.688e-01 1049.15
5.689e-01 1049.13
5.690e-01 1049.11
5.691e-01 1049.09
5.692e-01 1049.06
5.693e-01 1049.03
5.694e-01 1049.01
5.695e-01 1048.99
5.696e-01 1048.97
5.697e-01 1048.95
5.698e-01 1048.93
5.699e-01 1048.90
5.700e-01 1048.88
5.701e-01 1048.86
5.702e-01 1048.83
5.703e-01 1048.81
5.704e-01 1048.79
5.705e-01 1048.77
5.706e-01 1048.75
5.707e-01 1048.73
5.708e-01 1048.70
5.709e-01 1048.68
5.710e-01 1048.66
5.711e-01 1048.63
5.712e-01 1048.61
5.713e-01 1048.59
5.714e-01 1048.57
5.715e-01 1048.54
5.716e-01 1048.52
5.717e-01 1048.50
5.718e-01 1048.48
5.719e-01 1048.46
5.720e-01 1048.44
5.721e-01 1048.41
5.722e-01 1048.39
5.723e-01 1048.37
5.724e-01 1048.35
5.725e-01 1048.33
5.726e-01 1048.30
5.727e-01 1048.27
5.728e-01 1048.25
5.729e-01 1048.23
5.730e-01 1048.21
5.731e-01 1048.19
5.732e-01 1048.17
5.733e-01 1048.15
5.734e-01 1048.12
5.735e-01 1048.09
5.736e-01 1048.07
5.737e-01 1048.05
5.738e-01 1048.02
5.739e-01 1047.99
5.740e-01 1047.98
5.741e-01 1047.95
5.742e-01 1047.93
5.743e-01 1047.90
5.744e-01 1047.88
5.745e-01 1047.86
5.746e-01 1047.83
5.747e-01 1047.81
5.748e-01 1047.78
5.749e-01 1047.76
5.750e-01 1047.74
5.751e-01 1047.72
5.752e-01 1047.70
5.753e-01 1047.68
5.754e-01 1047.66
5.755e-01 1047.65
5.756e-01 1047.62
5.757e-01 1047.60
5.758e-01 1047.58
5.759e-01 1047.55
5.760e-01 1047.53
5.761e-01 1047.52
5.762e-01 1047.49
5.763e-01 1047.47
5.764e-01 1047.45
5.765e-01 1047.42
5.766e-01 1047.40
5.767e-01 1047.38
5.768e-01 1047.36
5.769e-01 1047.33
5.770e-01 1047.31
5.771e-01 1047.29
5.772e-01 1047.26
5.773e-01 1047.24
5.774e-01 1047.22
5.775e-01 1047.19
5.776e-01 1047.17
5.777e-01 1047.15
5.778e-01 1047.13
5.779e-01 1047.10
5.780e-01 1047.07
5.781e-01 1047.05
5.782e-01 1047.03
5.783e-01 1047.00
5.784e-01 1046.98
5.785e-01 1046.96
5.786e-01 1046.93
5.787e-01 1046.91
5.788e-01 1046.88
5.789e-01 1046.86
5.790e-01 1046.83
5.791e-01 1046.81
5.792e-01 1046.79
5.793e-01 1046.76
5.794e-01 1046.74
5.795e-01 1046.72
5.796e-01 1046.70
5.797e-01 1046.67
5.798e-01 1046.65
5.799e-01 1046.63
5.800e-01 1046.60
5.801e-01 1046.58
5.802e-01 1046.56
5.803e-01 1046.53
5.804e-01 1046.51
5.805e-01 1046.48
5.806e-01 1046.46
5.807e-01 1046.44
5.808e-01 1046.42
5.809e-01 1046.40
5.810e-01 1046.37
5.811e-01 1046.34
5.812e-01 1046.32
5.813e-01 1046.30
5.814e-01 1046.28
5.815e-01 1046.25
5.816e-01 1046.23
5.817e-01 1046.21
5.818e-01 1046.19
5.819e-01 1046.17
5.820e-01 1046.14
5.821e-01 1046.11
5.822e-01 1046.10
5.823e-01 1046.07
5.824e-01 1046.05
5.825e-01 1046.02
5.826e-01 1046.00
5.827e-01 1045.97
5.828e-01 1045.94
5.829e-01 1045.92
5.830e-01 1045.89
5.831e-01 1045.87
5.832e-01 1045.84
5.833e-01 1045.82
5.834e-01 1045.79
5.835e-01 1045.77
5.836e-01 1045.75
5.837e-01 1045.73
5.838e-01 1045.70
5.839e-01 1045.67
5.840e-01 1045.65
5.841e-01 1045.62
5.842e-01 1045.60
5.843e-01 1045.58
5.844e-01 1045.56
5.845e-01 1045.54
5.846e-01 1045.52
5.847e-01 1045.50
5.848e-01 1045.47
5.849e-01 1045.45
5.850e-01 1045.43
5.851e-01 1045.41
5.852e-01 1045.39
5.853e-01 1045.36
5.854e-01 1045.34
5.855e-01 1045.31
5.856e-01 1045.29
5.857e-01 1045.27
5.858e-01 1045.24
5.859e-01 1045.22
5.860e-01 1045.20
5.861e-01 1045.19
5.862e-01 1045.16
5.863e-01 1045.13
5.864e-01 1045.11
5.865e-01 1045.08
5.866e-01 1045.06
5.867e-01 1045.03
5.868e-01 1045.00
5.869e-01 1044.98
5.870e-01 1044.95
5.871e-01 1044.94
5.872e-01 1044.92
5.873e-01 1044.90
5.874e-01 1044.88
5.875e-01 1044.85
5.876e-01 1044.83
5.877e-01 1044.81
5.878e-01 1044.79
5.879e-01 1044.76
5.880e-01 1044.74
5.881e-01 1044.71
5.882e-01 1044.69
5.883e-01 1044.68
5.884e-01 1044.66
5.885e-01 1044.63
5.886e-01 1044.61
5.887e-01 1044.58
5.888e-01 1044.56
5.889e-01 1044.54
5.890e-01 1044.52
5.891e-01 1044.49
5.892e-01 1044.48
5.893e-01 1044.45
5.894e-01 1044.43
5.895e-01 1044.41
5.896e-01 1044.38
5.897e-01 1044.36
5.898e-01 1044.33
5.899e-01 1044.31
5.900e-01 1044.28
5.901e-01 1044.25
5.902e-01 1044.22
5.903e-01 1044.21
5.904e-01 1044.18
5.905e-01 1044.16
5.906e-01 1044.14
5.907e-01 1044.12
5.908e-01 1044.08
5.909e-01 1044.05
5.910e-01 1044.03
5.911e-01 1044.01
5.912e-01 1044.00
5.913e-01 1043.97
5.914e-01 1043.94
5.915e-01 1043.92
5.916e-01 1043.89
5.917e-01 1043.86
5.918e-01 1043.83
5.919e-01 1043.81
5.920e-01 1043.79
5.921e-01 1043.77
5.922e-01 1043.74
5.923e-01 1043.72
5.924e-01 1043.69
5.925e-01 1043.66
5.926e-01 1043.65
5.927e-01 1043.63
5.928e-01 1043.60
5.929e-01 1043.57
5.930e-01 1043.55
5.931e-01 1043.52
5.932e-01 1043.50
5.933e-01 1043.47
5.934e-01 1043.45
5.935e-01 1043.43
5.936e-01 1043.41
5.937e-01 1043.38
5.938e-01 1043.36
5.939e-01 1043.34
5.940e-01 1043.32
5.941e-01 1043.29
5.942e-01 1043.27
5.943e-01 1043.24
5.944e-01 1043.22
5.945e-01 1043.19
5.946e-01 1043.17
5.947e-01 1043.15
5.948e-01 1043.13
5.949e-01 1043.11
5.950e-01 1043.09
5.951e-01 1043.07
5.952e-01 1043.04
5.953e-01 1043.02
5.954e-01 1043.00
5.955e-01 1042.98
5.956e-01 1042.96
5.957e-01 1042.94
5.958e-01 1042.92
5.959e-01 1042.89
5.960e-01 1042.87
5.961e-01 1042.85
5.962e-01 1042.84
5.963e-01 1042.82
5.964e-01 1042.80
5.965e-01 1042.77
5.966e-01 1042.75
5.967e-01 1042.73
5.968e-01 1042.70
5.969e-01 1042.68
5.970e-01 1042.66
5.971e-01 1042.63
5.972e-01 1042.61
5.973e-01 1042.59
5.974e-01 1042.56
5.975e-01 1042.55
5.976e-01 1042.52
5.977e-01 1042.50
5.978e-01 1042.47
5.979e-01 1042.45
5.980e-01 1042.43
5.981e-01 1042.40
5.982e-01 1042.38
5.983e-01 1042.35
5.984e-01 1042.32
5.985e-01 1042.30
5.986e-01 1042.28
5.987e-01 1042.25
5.988e-01 1042.23
5.989e-01 1042.20
5.990e-01 1042.18
5.991e-01 1042.16
5.992e-01 1042.13
5.993e-01 1042.11
5.994e-01 1042.10
5.995e-01 1042.07
5.996e-01 1042.05
5.997e-01 1042.03
5.998e-01 1042.01
5.999e-01 1041.99
6.000e-01 1041.97
6.001e-01 1041.94
6.002e-01 1041.92
6.003e-01 1041.90
6.004e-01 1041.88
6.005e-01 1041.86
6.006e-01 1041.83
6.007e-01 1041.82
6.008e-01 1041.79
6.009e-01 1041.77
6.010e-01 1041.74
6.011e-01 1041.72
6.012e-01 1041.70
6.013e-01 1041.68
6.014e-01 1041.66
6.015e-01 1041.63
6.016e-01 1041.61
6.017e-01 1041.59
6.018e-01 1041.56
6.019e-01 1041.55
6.020e-01 1041.53
6.021e-01 1041.50
6.022e-01 1041.48
6.023e-01 1041.46
6.024e-01 1041.43
6.025e-01 1041.40
6.026e-01 1041.39
6.027e-01 1041.36
6.028e-01 1041.33
6.029e-01 1041.31
6.030e-01 1041.29
6.031e-01 1041.26
6.032e-01 1041.24
6.033e-01 1041.22
6.034e-01 1041.19
6.035e-01 1041.17
6.036e-01 1041.14
6.037e-01 1041.12
6.038e-01 1041.10
6.039e-01 1041.08
6.040e-01 1041.06
6.041e-01 1041.03
6.042e-01 1041.01
6.043e-01 1040.99
6.044e-01 1040.97
6.045e-01 1040.95
6.046e-01 1040.93
6.047e-01 1040.91
6.048e-01 1040.88
6.049e-01 1040.87
6.050e-01 1040.85
6.051e-01 1040.82
6.052e-01 1040.80
6.053e-01 1040.79
6.054e-01 1040.77
6.055e-01 1040.74
6.056e-01 1040.72
6.057e-01 1040.70
6.058e-01 1040.67
6.059e-01 1040.65
6.060e-01 1040.63
6.061e-01 1040.61
6.062e-01 1040.59
6.063e-01 1040.57
6.064e-01 1040.54
6.065e-01 1040.52
6.066e-01 1040.50
6.067e-01 1040.48
6.068e-01 1040.45
6.069e-01 1040.43
6.070e-01 1040.40
6.071e-01 1040.38
6.072e-01 1040.36
6.073e-01 1040.34
6.074e-01 1040.31
6.075e-01 1040.29
6.076e-01 1040.27
6.077e-01 1040.24
6.078e-01 1040.22
6.079e-01 1040.19
6.080e-01 1040.17
6.081e-01 1040.15
6.082e-01 1040.12
6.083e-01 1040.10
6.084e-01 1040.08
6.085e-01 1040.05
6.086e-01 1040.03
6.087e-01 1040.01
6.088e-01 1040.00
6.089e-01 1039.98
6.090e-01 1039.96
6.091e-01 1039.93
6.092e-01 1039.91
6.093e-01 1039.88
6.094e-01 1039.86
6.095e-01 1039.83
6.096e-01 1039.81
6.097e-01 1039.79
6.098e-01 1039.76
6.099e-01 1039.74
6.100e-01 1039.72
6.101e-01 1039.70
6.102e-01 1039.67
6.103e-01 1039.64
6.104e-01 1039.62
6.105e-01 1039.61
6.106e-01 1039.58
6.107e-01 1039.56
6.108e-01 1039.54
6.109e-01 1039.51
6.110e-01 1039.49
6.111e-01 1039.47
6.112e-01 1039.45
6.113e-01 1039.43
6.114e-01 1039.41
6.115e-01 1039.38
6.116e-01 1039.35
6.117e-01 1039.33
6.118e-01 1039.31
6.119e-01 1039.29
6.120e-01 1039.27
6.121e-01 1039.25
6.122e-01 1039.22
6.123e-01 1039.20
6.124e-01 1039.19
6.125e-01 1039.16
6.126e-01 1039.14
6.127e-01 1039.12
6.128e-01 1039.09
6.129e-01 1039.07
6.130e-01 1039.05
6.131e-01 1039.03
6.132e-01 1039.00
6.133e-01 1038.98
6.134e-01 1038.96
6.135e-01 1038.94
6.136e-01 1038.91
6.137e-01 1038.89
6.138e-01 1038.86
6.139e-01 1038.84
6.140e-01 1038.82
6.141e-01 1038.79
6.142e-01 1038.77
6.143e-01 1038.75
6.144e-01 1038.73
6.145e-01 1038.72
6.146e-01 1038.69
6.147e-01 1038.67
6.148e-01 1038.65
6.149e-01 1038.63
6.150e-01 1038.61
6.151e-01 1038.59
6.152e-01 1038.57
6.153e-01 1038.55
6.154e-01 1038.53
6.155e-01 1038.51
6.156e-01 1038.48
6.157e-01 1038.46
6.158e-01 1038.44
6.159e-01 1038.42
6.160e-01 1038.40
6.161e-01 1038.37
6.162e-01 1038.36
6.163e-01 1038.33
6.164e-01 1038.31
6.165e-01 1038.29
6.166e-01 1038.26
6.167e-01 1038.24
6.168e-01 1038.22
6.169e-01 1038.20
6.170e-01 1038.18
6.171e-01 1038.16
6.172e-01 1038.14
6.173e-01 1038.12
6.174e-01 1038.10
6.175e-01 1038.08
6.176e-01 1038.07
6.177e-01 1038.05
6.178e-01 1038.02
6.179e-01 1038.01
6.180e-01 1037.98
6.181e-01 1037.95
6.182e-01 1037.93
6.183e-01 1037.91
6.184e-01 1037.89
6.185e-01 1037.86
6.186e-01 1037.83
6.187e-01 1037.81
6.188e-01 1037.79
6.189e-01 1037.77
6.190e-01 1037.75
6.191e-01 1037.73
6.192e-01 1037.70
6.193e-01 1037.68
6.194e-01 1037.66
6.195e-01 1037.64
6.196e-01 1037.62
6.197e-01 1037.60
6.198e-01 1037.58
6.199e-01 1037.56
6.200e-01 1037.54
6.201e-01 1037.52
6.202e-01 1037.50
6.203e-01 1037.47
6.204e-01 1037.45
6.205e-01 1037.43
6.206e-01 1037.41
6.207e-01 1037.39
6.208e-01 1037.37
6.209e-01 1037.34
6.210e-01 1037.33
6.211e-01 1037.31
6.212e-01 1037.28
6.213e-01 1037.26
6.214e-01 1037.24
6.215e-01 1037.22
6.216e-01 1037.19
6.217e-01 1037.18
6.218e-01 1037.16
6.219e-01 1037.14
6.220e-01 1037.12
6.221e-01 1037.10
6.222e-01 1037.08
6.223e-01 1037.06
6.224e-01 1037.04
6.225e-01 1037.01
6.226e-01 1037.00
6.227e-01 1036.98
6.228e-01 1036.96
6.229e-01 1036.93
6.230e-01 1036.91
6.231e-01 1036.90
6.232e-01 1036.87
6.233e-01 1036.85
6.234e-01 1036.83
6.235e-01 1036.82
6.236e-01 1036.80
6.237e-01 1036.78
6.238e-01 1036.76
6.239e-01 1036.74
6.240e-01 1036.71
6.241e-01 1036.69
6.242e-01 1036.67
6.243e-01 1036.66
6.244e-01 1036.63
6.245e-01 1036.60
6.246e-01 1036.58
6.247e-01 1036.56
6.248e-01 1036.54
6.249e-01 1036.53
6.250e-01 1036.50
6.251e-01 1036.48
6.252e-01 1036.47
6.253e-01 1036.45
6.254e-01 1036.43
6.255e-01 1036.41
6.256e-01 1036.39
6.257e-01 1036.37
6.258e-01 1036.34
6.259e-01 1036.32
6.260e-01 1036.30
6.261e-01 1036.27
6.262e-01 1036.25
6.263e-01 1036.23
6.264e-01 1036.21
6.265e-01 1036.18
6.266e-01 1036.15
6.267e-01 1036.14
6.268e-01 1036.11
6.269e-01 1036.09
6.270e-01 1036.07
6.271e-01 1036.04
6.272e-01 1036.02
6.273e-01 1036.00
6.274e-01 1035.98
6.275e-01 1035.96
6.276e-01 1035.94
6.277e-01 1035.91
6.278e-01 1035.90
6.279e-01 1035.88
6.280e-01 1035.86
6.281e-01 1035.84
6.282e-01 1035.81
6.283e-01 1035.78
6.284e-01 1035.77
6.285e-01 1035.75
6.286e-01 1035.72
6.287e-01 1035.71
6.288e-01 1035.69
6.289e-01 1035.67
6.290e-01 1035.64
6.291e-01 1035.62
6.292e-01 1035.59
6.293e-01 1035.57
6.294e-01 1035.55
6.295e-01 1035.53
6.296e-01 1035.52
6.297e-01 1035.50
6.298e-01 1035.47
6.299e-01 1035.45
6.300e-01 1035.43
6.301e-01 1035.41
6.302e-01 1035.38
6.303e-01 1035.36
6.304e-01 1035.34
6.305e-01 1035.31
6.306e-01 1035.29
6.307e-01 1035.28
6.308e-01 1035.26
6.309e-01 1035.24
6.310e-01 1035.22
6.311e-01 1035.19
6.312e-01 1035.18
6.313e-01 1035.15
6.314e-01 1035.14
6.315e-01 1035.12
6.316e-01 1035.10
6.317e-01 1035.08
6.318e-01 1035.06
6.319e-01 1035.04
6.320e-01 1035.01
6.321e-01 1034.99
6.322e-01 1034.97
6.323e-01 1034.95
6.324e-01 1034.92
6.325e-01 1034.90
6.326e-01 1034.87
6.327e-01 1034.85
6.328e-01 1034.83
6.329e-01 1034.81
6.330e-01 1034.79
6.331e-01 1034.76
6.332e-01 1034.74
6.333e-01 1034.72
6.334e-01 1034.70
6.335e-01 1034.68
6.336e-01 1034.66
6.337e-01 1034.64
6.338e-01 1034.61
6.339e-01 1034.59
6.340e-01 1034.56
6.341e-01 1034.54
6.342e-01 1034.51
6.343e-01 1034.49
6.344e-01 1034.46
6.345e-01 1034.45
6.346e-01 1034.43
6.347e-01 1034.40
6.348e-01 1034.38
6.349e-01 1034.36
6.350e-01 1034.34
6.351e-01 1034.32
6.352e-01 1034.30
6.353e-01 1034.28
6.354e-01 1034.25
6.355e-01 1034.23
6.356e-01 1034.21
6.357e-01 1034.19
6.358e-01 1034.17
6.359e-01 1034.14
6.360e-01 1034.13
6.361e-01 1034.10
6.362e-01 1034.09
6.363e-01 1034.07
6.364e-01 1034.05
6.365e-01 1034.03
6.366e-01 1034.01
6.367e-01 1033.99
6.368e-01 1033.96
6.369e-01 1033.94
6.370e-01 1033.92
6.371e-01 1033.90
6.372e-01 1033.88
6.373e-01 1033.86
6.374e-01 1033.83
6.375e-01 1033.81
6.376e-01 1033.79
6.377e-01 1033.76
6.378e-01 1033.74
6.379e-01 1033.72
6.380e-01 1033.70
6.381e-01 1033.68
6.382e-01 1033.66
6.383e-01 1033.63
6.384e-01 1033.61
6.385e-01 1033.59
6.386e-01 1033.57
6.387e-01 1033.55
6.388e-01 1033.53
6.389e-01 1033.51
6.390e-01 1033.48
6.391e-01 1033.47
6.392e-01 1033.45
6.393e-01 1033.43
6.394e-01 1033.41
6.395e-01 1033.39
6.396e-01 1033.36
6.397e-01 1033.34
6.398e-01 1033.32
6.399e-01 1033.30
6.400e-01 1033.28
6.401e-01 1033.27
6.402e-01 1033.25
6.403e-01 1033.23
6.404e-01 1033.21
6.405e-01 1033.19
6.406e-01 1033.17
6.407e-01 1033.15
6.408e-01 1033.13
6.409e-01 1033.11
6.410e-01 1033.10
6.411e-01 1033.08
6.412e-01 1033.05
6.413e-01 1033.04
6.414e-01 1033.02
6.415e-01 1033.01
6.416e-01 1032.98
6.417e-01 1032.96
6.418e-01 1032.94
6.419e-01 1032.92
6.420e-01 1032.90
6.421e-01 1032.89
6.422e-01 1032.87
6.423e-01 1032.85
6.424e-01 1032.83
6.425e-01 1032.81
6.426e-01 1032.79
6.427e-01 1032.78
6.428e-01 1032.77
6.429e-01 1032.75
6.430e-01 1032.73
6.431e-01 1032.71
6.432e-01 1032.69
6.433e-01 1032.67
6.434e-01 1032.65
6.435e-01 1032.64
6.436e-01 1032.61
6.437e-01 1032.59
6.438e-01 1032.57
6.439e-01 1032.55
6.440e-01 1032.52
6.441e-01 1032.50
6.442e-01 1032.49
6.443e-01 1032.47
6.444e-01 1032.45
6.445e-01 1032.42
6.446e-01 1032.40
6.447e-01 1032.38
6.448e-01 1032.36
6.449e-01 1032.34
6.450e-01 1032.32
6.451e-01 1032.30
6.452e-01 1032.28
6.453e-01 1032.26
6.454e-01 1032.25
6.455e-01 1032.22
6.456e-01 1032.20
6.457e-01 1032.17
6.458e-01 1032.15
6.459e-01 1032.13
6.460e-01 1032.10
6.461e-01 1032.08
6.462e-01 1032.06
6.463e-01 1032.04
6.464e-01 1032.02
6.465e-01 1032.00
6.466e-01 1031.97
6.467e-01 1031.95
6.468e-01 1031.93
6.469e-01 1031.91
6.470e-01 1031.89
6.471e-01 1031.87
6.472e-01 1031.85
6.473e-01 1031.83
6.474e-01 1031.81
6.475e-01 1031.79
6.476e-01 1031.77
6.477e-01 1031.75
6.478e-01 1031.73
6.479e-01 1031.70
6.480e-01 1031.69
6.481e-01 1031.66
6.482e-01 1031.65
6.483e-01 1031.63
6.484e-01 1031.61
6.485e-01 1031.59
6.486e-01 1031.57
6.487e-01 1031.55
6.488e-01 1031.53
6.489e-01 1031.52
6.490e-01 1031.50
6.491e-01 1031.47
6.492e-01 1031.46
6.493e-01 1031.44
6.494e-01 1031.41
6.495e-01 1031.39
6.496e-01 1031.36
6.497e-01 1031.34
6.498e-01 1031.32
6.499e-01 1031.30
6.500e-01 1031.27
6.501e-01 1031.26
6.502e-01 1031.24
6.503e-01 1031.22
6.504e-01 1031.21
6.505e-01 1031.19
6.506e-01 1031.17
6.507e-01 1031.15
6.508e-01 1031.13
6.509e-01 1031.11
6.510e-01 1031.09
6.511e-01 1031.07
6.512e-01 1031.04
6.513e-01 1031.02
6.514e-01 1031.00
6.515e-01 1030.99
6.516e-01 1030.98
6.517e-01 1030.96
6.518e-01 1030.93
6.519e-01 1030.91
6.520e-01 1030.88
6.521e-01 1030.86
6.522e-01 1030.84
6.523e-01 1030.81
6.524e-01 1030.79
6.525e-01 1030.76
6.526e-01 1030.75
6.527e-01 1030.72
6.528e-01 1030.70
6.529e-01 1030.69
6.530e-01 1030.67
6.531e-01 1030.64
6.532e-01 1030.62
6.533e-01 1030.60
6.534e-01 1030.58
6.535e-01 1030.57
6.536e-01 1030.55
6.537e-01 1030.53
6.538e-01 1030.51
6.539e-01 1030.48
6.540e-01 1030.47
6.541e-01 1030.45
6.542e-01 1030.43
6.543e-01 1030.41
6.544e-01 1030.39
6.545e-01 1030.37
6.546e-01 1030.36
6.547e-01 1030.33
6.548e-01 1030.32
6.549e-01 1030.29
6.550e-01 1030.27
6.551e-01 1030.25
6.552e-01 1030.23
6.553e-01 1030.21
6.554e-01 1030.20
6.555e-01 1030.19
6.556e-01 1030.16
6.557e-01 1030.14
6.558e-01 1030.12
6.559e-01 1030.10
6.560e-01 1030.07
6.561e-01 1030.05
6.562e-01 1030.04
6.563e-01 1030.02
6.564e-01 1030.00
6.565e-01 1029.98
6.566e-01 1029.96
6.567e-01 1029.95
6.568e-01 1029.93
6.569e-01 1029.91
6.570e-01 1029.89
6.571e-01 1029.87
6.572e-01 1029.87
6.573e-01 1029.85
6.574e-01 1029.84
6.575e-01 1029.82
6.576e-01 1029.80
6.577e-01 1029.78
6.578e-01 1029.76
6.579e-01 1029.74
6.580e-01 1029.72
6.581e-01 1029.70
6.582e-01 1029.68
6.583e-01 1029.67
6.584e-01 1029.66
6.585e-01 1029.64
6.586e-01 1029.62
6.587e-01 1029.60
6.588e-01 1029.59
6.589e-01 1029.57
6.590e-01 1029.56
6.591e-01 1029.54
6.592e-01 1029.52
6.593e-01 1029.50
6.594e-01 1029.48
6.595e-01 1029.46
6.596e-01 1029.43
6.597e-01 1029.41
6.598e-01 1029.40
6.599e-01 1029.38
6.600e-01 1029.35
6.601e-01 1029.34
6.602e-01 1029.32
6.603e-01 1029.30
6.604e-01 1029.28
6.605e-01 1029.26
6.606e-01 1029.24
6.607e-01 1029.22
6.608e-01 1029.20
6.609e-01 1029.18
6.610e-01 1029.16
6.611e-01 1029.15
6.612e-01 1029.13
6.613e-01 1029.11
6.614e-01 1029.09
6.615e-01 1029.07
6.616e-01 1029.05
6.617e-01 1029.03
6.618e-01 1029.01
6.619e-01 1028.98
6.620e-01 1028.96
6.621e-01 1028.95
6.622e-01 1028.93
6.623e-01 1028.90
6.624e-01 1028.89
6.625e-01 1028.87
6.626e-01 1028.85
6.627e-01 1028.83
6.628e-01 1028.81
6.629e-01 1028.79
6.630e-01 1028.78
6.631e-01 1028.76
6.632e-01 1028.74
6.633e-01 1028.72
6.634e-01 1028.70
6.635e-01 1028.68
6.636e-01 1028.66
6.637e-01 1028.64
6.638e-01 1028.62
6.639e-01 1028.60
6.640e-01 1028.58
6.641e-01 1028.56
6.642e-01 1028.54
6.643e-01 1028.52
6.644e-01 1028.50
6.645e-01 1028.48
6.646e-01 1028.47
6.647e-01 1028.45
6.648e-01 1028.43
6.649e-01 1028.41
6.650e-01 1028.39
6.651e-01 1028.37
6.652e-01 1028.35
6.653e-01 1028.33
6.654e-01 1028.32
6.655e-01 1028.30
6.656e-01 1028.28
6.657e-01 1028.26
6.658e-01 1028.24
6.659e-01 1028.22
6.660e-01 1028.21
6.661e-01 1028.18
6.662e-01 1028.16
6.663e-01 1028.15
6.664e-01 1028.12
6.665e-01 1028.10
6.666e-01 1028.08
6.667e-01 1028.07
6.668e-01 1028.05
6.669e-01 1028.03
6.670e-01 1028.01
6.671e-01 1027.98
6.672e-01 1027.96
6.673e-01 1027.94
6.674e-01 1027.93
6.675e-01 1027.91
6.676e-01 1027.88
6.677e-01 1027.87
6.678e-01 1027.85
6.679e-01 1027.83
6.680e-01 1027.81
6.681e-01 1027.79
6.682e-01 1027.76
6.683e-01 1027.75
6.684e-01 1027.73
6.685e-01 1027.71
6.686e-01 1027.69
6.687e-01 1027.66
6.688e-01 1027.64
6.689e-01 1027.62
6.690e-01 1027.61
6.691e-01 1027.59
6.692e-01 1027.58
6.693e-01 1027.56
6.694e-01 1027.53
6.695e-01 1027.51
6.696e-01 1027.49
6.697e-01 1027.47
6.698e-01 1027.45
6.699e-01 1027.44
6.700e-01 1027.43
6.701e-01 1027.41
6.702e-01 1027.39
6.703e-01 1027.37
6.704e-01 1027.36
6.705e-01 1027.34
6.706e-01 1027.32
6.707e-01 1027.30
6.708e-01 1027.28
6.709e-01 1027.26
6.710e-01 1027.23
6.711e-01 1027.21
6.712e-01 1027.19
6.713e-01 1027.17
6.714e-01 1027.14
6.715e-01 1027.12
6.716e-01 1027.10
6.717e-01 1027.08
6.718e-01 1027.07
6.719e-01 1027.05
6.720e-01 1027.02
6.721e-01 1027.01
6.722e-01 1027.00
6.723e-01 1026.98
6.724e-01 1026.96
6.725e-01 1026.94
6.726e-01 1026.92
6.727e-01 1026.90
6.728e-01 1026.89
6.729e-01 1026.87
6.730e-01 1026.85
6.731e-01 1026.82
6.732e-01 1026.81
6.733e-01 1026.79
6.734e-01 1026.77
6.735e-01 1026.75
6.736e-01 1026.73
6.737e-01 1026.71
6.738e-01 1026.70
6.739e-01 1026.67
6.740e-01 1026.65
6.741e-01 1026.63
6.742e-01 1026.61
6.743e-01 1026.59
6.744e-01 1026.57
6.745e-01 1026.56
6.746e-01 1026.54
6.747e-01 1026.52
6.748e-01 1026.50
6.749e-01 1026.48
6.750e-01 1026.45
6.751e-01 1026.44
6.752e-01 1026.42
6.753e-01 1026.40
6.754e-01 1026.38
6.755e-01 1026.35
6.756e-01 1026.34
6.757e-01 1026.32
6.758e-01 1026.30
6.759e-01 1026.28
6.760e-01 1026.27
6.761e-01 1026.25
6.762e-01 1026.23
6.763e-01 1026.21
6.764e-01 1026.19
6.765e-01 1026.18
6.766e-01 1026.15
6.767e-01 1026.14
6.768e-01 1026.11
6.769e-01 1026.09
6.770e-01 1026.07
6.771e-01 1026.05
6.772e-01 1026.03
6.773e-01 1026.02
6.774e-01 1026.00
6.775e-01 1025.98
6.776e-01 1025.96
6.777e-01 1025.95
6.778e-01 1025.93
6.779e-01 1025.91
6.780e-01 1025.89
6.781e-01 1025.88
6.782e-01 1025.86
6.783e-01 1025.84
6.784e-01 1025.82
6.785e-01 1025.80
6.786e-01 1025.78
6.787e-01 1025.75
6.788e-01 1025.73
6.789e-01 1025.71
6.790e-01 1025.69
6.791e-01 1025.67
6.792e-01 1025.66
6.793e-01 1025.64
6.794e-01 1025.62
6.795e-01 1025.61
6.796e-01 1025.59
6.797e-01 1025.57
6.798e-01 1025.55
6.799e-01 1025.53
6.800e-01 1025.52
6.801e-01 1025.50
6.802e-01 1025.48
6.803e-01 1025.46
6.804e-01 1025.44
6.805e-01 1025.42
6.806e-01 1025.40
6.807e-01 1025.38
6.808e-01 1025.36
6.809e-01 1025.34
6.810e-01 1025.32
6.811e-01 1025.31
6.812e-01 1025.29
6.813e-01 1025.27
6.814e-01 1025.25
6.815e-01 1025.24
6.816e-01 1025.23
6.817e-01 1025.21
6.818e-01 1025.19
6.819e-01 1025.17
6.820e-01 1025.15
6.821e-01 1025.14
6.822e-01 1025.11
6.823e-01 1025.10
6.824e-01 1025.09
6.825e-01 1025.07
6.826e-01 1025.05
6.827e-01 1025.02
6.828e-01 1025.00
6.829e-01 1024.98
6.830e-01 1024.97
6.831e-01 1024.94
6.832e-01 1024.92
6.833e-01 1024.91
6.834e-01 1024.90
6.835e-01 1024.88
6.836e-01 1024.86
6.837e-01 1024.85
6.838e-01 1024.83
6.839e-01 1024.82
6.840e-01 1024.80
6.841e-01 1024.79
6.842e-01 1024.77
6.843e-01 1024.75
6.844e-01 1024.74
6.845e-01 1024.72
6.846e-01 1024.70
6.847e-01 1024.68
6.848e-01 1024.67
6.849e-01 1024.64
6.850e-01 1024.63
6.851e-01 1024.61
6.852e-01 1024.60
6.853e-01 1024.58
6.854e-01 1024.56
6.855e-01 1024.54
6.856e-01 1024.52
6.857e-01 1024.50
6.858e-01 1024.49
6.859e-01 1024.47
6.860e-01 1024.45
6.861e-01 1024.43
6.862e-01 1024.42
6.863e-01 1024.39
6.864e-01 1024.38
6.865e-01 1024.36
6.866e-01 1024.35
6.867e-01 1024.33
6.868e-01 1024.31
6.869e-01 1024.30
6.870e-01 1024.28
6.871e-01 1024.26
6.872e-01 1024.24
6.873e-01 1024.23
6.874e-01 1024.21
6.875e-01 1024.19
6.876e-01 1024.18
6.877e-01 1024.16
6.878e-01 1024.14
6.879e-01 1024.12
6.880e-01 1024.10
6.881e-01 1024.09
6.882e-01 1024.07
6.883e-01 1024.04
6.884e-01 1024.03
6.885e-01 1024.01
6.886e-01 1023.99
6.887e-01 1023.98
6.888e-01 1023.96
6.889e-01 1023.94
6.890e-01 1023.92
6.891e-01 1023.90
6.892e-01 1023.88
6.893e-01 1023.88
6.894e-01 1023.86
6.895e-01 1023.84
6.896e-01 1023.81
6.897e-01 1023.79
6.898e-01 1023.77
6.899e-01 1023.76
6.900e-01 1023.74
6.901e-01 1023.71
6.902e-01 1023.70
6.903e-01 1023.67
6.904e-01 1023.65
6.905e-01 1023.63
6.906e-01 1023.62
6.907e-01 1023.60
6.908e-01 1023.59
6.909e-01 1023.57
6.910e-01 1023.56
6.911e-01 1023.54
6.912e-01 1023.52
6.913e-01 1023.50
6.914e-01 1023.48
6.915e-01 1023.46
6.916e-01 1023.44
6.917e-01 1023.42
6.918e-01 1023.41
6.919e-01 1023.39
6.920e-01 1023.37
6.921e-01 1023.36
6.922e-01 1023.34
6.923e-01 1023.32
6.924e-01 1023.30
6.925e-01 1023.28
6.926e-01 1023.27
6.927e-01 1023.25
6.928e-01 1023.24
6.929e-01 1023.22
6.930e-01 1023.20
6.931e-01 1023.19
6.932e-01 1023.18
6.933e-01 1023.16
6.934e-01 1023.14
6.935e-01 1023.11
6.936e-01 1023.09
6.937e-01 1023.07
6.938e-01 1023.06
6.939e-01 1023.04
6.940e-01 1023.01
6.941e-01 1022.99
6.942e-01 1022.99
6.943e-01 1022.96
6.944e-01 1022.95
6.945e-01 1022.92
6.946e-01 1022.90
6.947e-01 1022.88
6.948e-01 1022.86
6.949e-01 1022.84
6.950e-01 1022.82
6.951e-01 1022.81
6.952e-01 1022.79
6.953e-01 1022.77
6.954e-01 1022.75
6.955e-01 1022.74
6.956e-01 1022.72
6.957e-01 1022.70
6.958e-01 1022.68
6.959e-01 1022.66
6.960e-01 1022.65
6.961e-01 1022.63
6.962e-01 1022.61
6.963e-01 1022.59
6.964e-01 1022.57
6.965e-01 1022.55
6.966e-01 1022.54
6.967e-01 1022.52
6.968e-01 1022.50
6.969e-01 1022.49
6.970e-01 1022.46
6.971e-01 1022.44
6.972e-01 1022.42
6.973e-01 1022.41
6.974e-01 1022.39
6.975e-01 1022.37
6.976e-01 1022.35
6.977e-01 1022.33
6.978e-01 1022.32
6.979e-01 1022.29
6.980e-01 1022.28
6.981e-01 1022.27
6.982e-01 1022.25
6.983e-01 1022.23
6.984e-01 1022.22
6.985e-01 1022.20
6.986e-01 1022.18
6.987e-01 1022.16
6.988e-01 1022.14
6.989e-01 1022.12
6.990e-01 1022.10
6.991e-01 1022.09
6.992e-01 1022.07
6.993e-01 1022.05
6.994e-01 1022.04
6.995e-01 1022.02
6.996e-01 1022.00
6.997e-01 1021.99
6.998e-01 1021.96
6.999e-01 1021.95
7.000e-01 1021.93
7.001e-01 1021.91
7.002e-01 1021.89
7.003e-01 1021.87
7.004e-01 1021.85
7.005e-01 1021.83
7.006e-01 1021.81
7.007e-01 1021.80
7.008e-01 1021.78
7.009e-01 1021.76
7.010e-01 1021.74
7.011e-01 1021.72
7.012e-01 1021.70
7.013e-01 1021.68
7.014e-01 1021.67
7.015e-01 1021.65
7.016e-01 1021.63
7.017e-01 1021.61
7.018e-01 1021.59
7.019e-01 1021.58
7.020e-01 1021.55
7.021e-01 1021.54
7.022e-01 1021.52
7.023e-01 1021.49
7.024e-01 1021.48
7.025e-01 1021.45
7.026e-01 1021.43
7.027e-01 1021.42
7.028e-01 1021.40
7.029e-01 1021.38
7.030e-01 1021.36
7.031e-01 1021.35
7.032e-01 1021.33
7.033e-01 1021.32
7.034e-01 1021.30
7.035e-01 1021.29
7.036e-01 1021.28
7.037e-01 1021.25
7.038e-01 1021.24
7.039e-01 1021.22
7.040e-01 1021.20
7.041e-01 1021.18
7.042e-01 1021.16
7.043e-01 1021.15
7.044e-01 1021.12
7.045e-01 1021.11
7.046e-01 1021.09
7.047e-01 1021.08
7.048e-01 1021.07
7.049e-01 1021.06
7.050e-01 1021.04
7.051e-01 1021.03
7.052e-01 1021.01
7.053e-01 1020.98
7.054e-01 1020.96
7.055e-01 1020.95
7.056e-01 1020.94
7.057e-01 1020.92
7.058e-01 1020.90
7.059e-01 1020.89
7.060e-01 1020.88
7.061e-01 1020.86
7.062e-01 1020.83
7.063e-01 1020.81
7.064e-01 1020.79
7.065e-01 1020.77
7.066e-01 1020.75
7.067e-01 1020.74
7.068e-01 1020.72
7.069e-01 1020.69
7.070e-01 1020.67
7.071e-01 1020.66
7.072e-01 1020.64
7.073e-01 1020.63
7.074e-01 1020.61
7.075e-01 1020.59
7.076e-01 1020.57
7.077e-01 1020.56
7.078e-01 1020.54
7.079e-01 1020.52
7.080e-01 1020.50
7.081e-01 1020.48
7.082e-01 1020.46
7.083e-01 1020.45
7.084e-01 1020.43
7.085e-01 1020.41
7.086e-01 1020.40
7.087e-01 1020.38
7.088e-01 1020.35
7.089e-01 1020.34
7.090e-01 1020.33
7.091e-01 1020.31
7.092e-01 1020.29
7.093e-01 1020.27
7.094e-01 1020.25
7.095e-01 1020.23
7.096e-01 1020.22
7.097e-01 1020.20
7.098e-01 1020.18
7.099e-01 1020.17
7.100e-01 1020.15
7.101e-01 1020.13
7.102e-01 1020.11
7.103e-01 1020.09
7.104e-01 1020.08
7.105e-01 1020.06
7.106e-01 1020.05
7.107e-01 1020.04
7.108e-01 1020.01
7.109e-01 1020.00
7.110e-01 1019.98
7.111e-01 1019.96
7.112e-01 1019.95
7.113e-01 1019.93
7.114e-01 1019.92
7.115e-01 1019.90
7.116e-01 1019.89
7.117e-01 1019.87
7.118e-01 1019.85
7.119e-01 1019.84
7.120e-01 1019.83
7.121e-01 1019.80
7.122e-01 1019.79
7.123e-01 1019.77
7.124e-01 1019.75
7.125e-01 1019.74
7.126e-01 1019.73
7.127e-01 1019.71
7.128e-01 1019.69
7.129e-01 1019.67
7.130e-01 1019.66
7.131e-01 1019.63
7.132e-01 1019.61
7.133e-01 1019.60
7.134e-01 1019.58
7.135e-01 1019.56
7.136e-01 1019.54
7.137e-01 1019.52
7.138e-01 1019.50
7.139e-01 1019.48
7.140e-01 1019.47
7.141e-01 1019.45
7.142e-01 1019.43
7.143e-01 1019.42
7.144e-01 1019.40
7.145e-01 1019.38
7.146e-01 1019.36
7.147e-01 1019.34
7.148e-01 1019.32
7.149e-01 1019.31
7.150e-01 1019.29
7.151e-01 1019.28
7.152e-01 1019.27
7.153e-01 1019.26
7.154e-01 1019.24
7.155e-01 1019.22
7.156e-01 1019.21
7.157e-01 1019.19
7.158e-01 1019.18
7.159e-01 1019.17
7.160e-01 1019.15
7.161e-01 1019.13
7.162e-01 1019.11
7.163e-01 1019.09
7.164e-01 1019.08
7.165e-01 1019.06
7.166e-01 1019.04
7.167e-01 1019.02
7.168e-01 1019.01
7.169e-01 1019.00
7.170e-01 1018.98
7.171e-01 1018.96
7.172e-01 1018.94
7.173e-01 1018.92
7.174e-01 1018.90
7.175e-01 1018.89
7.176e-01 1018.87
7.177e-01 1018.86
7.178e-01 1018.84
7.179e-01 1018.83
7.180e-01 1018.82
7.181e-01 1018.80
7.182e-01 1018.79
7.183e-01 1018.77
7.184e-01 1018.76
7.185e-01 1018.74
7.186e-01 1018.72
7.187e-01 1018.71
7.188e-01 1018.69
7.189e-01 1018.67
7.190e-01 1018.66
7.191e-01 1018.65
7.192e-01 1018.63
7.193e-01 1018.61
7.194e-01 1018.60
7.195e-01 1018.59
7.196e-01 1018.57
7.197e-01 1018.56
7.198e-01 1018.54
7.199e-01 1018.52
7.200e-01 1018.50
7.201e-01 1018.48
7.202e-01 1018.47
7.203e-01 1018.44
7.204e-01 1018.43
7.205e-01 1018.41
7.206e-01 1018.40
7.207e-01 1018.38
7.208e-01 1018.36
7.209e-01 1018.34
7.210e-01 1018.32
7.211e-01 1018.30
7.212e-01 1018.28
7.213e-01 1018.26
7.214e-01 1018.24
7.215e-01 1018.23
7.216e-01 1018.21
7.217e-01 1018.20
7.218e-01 1018.18
7.219e-01 1018.16
7.220e-01 1018.15
7.221e-01 1018.12
7.222e-01 1018.11
7.223e-01 1018.10
7.224e-01 1018.07
7.225e-01 1018.04
7.226e-01 1018.03
7.227e-01 1018.02
7.228e-01 1017.99
7.229e-01 1017.98
7.230e-01 1017.96
7.231e-01 1017.94
7.232e-01 1017.92
7.233e-01 1017.91
7.234e-01 1017.89
7.235e-01 1017.88
7.236e-01 1017.86
7.237e-01 1017.84
7.238e-01 1017.83
7.239e-01 1017.81
7.240e-01 1017.80
7.241e-01 1017.78
7.242e-01 1017.76
7.243e-01 1017.75
7.244e-01 1017.73
7.245e-01 1017.72
7.246e-01 1017.70
7.247e-01 1017.68
7.248e-01 1017.67
7.249e-01 1017.65
7.250e-01 1017.63
7.251e-01 1017.61
7.252e-01 1017.60
7.253e-01 1017.58
7.254e-01 1017.57
7.255e-01 1017.54
7.256e-01 1017.53
7.257e-01 1017.51
7.258e-01 1017.50
7.259e-01 1017.48
7.260e-01 1017.47
7.261e-01 1017.45
7.262e-01 1017.43
7.263e-01 1017.42
7.264e-01 1017.41
7.265e-01 1017.39
7.266e-01 1017.37
7.267e-01 1017.36
7.268e-01 1017.35
7.269e-01 1017.33
7.270e-01 1017.32
7.271e-01 1017.30
7.272e-01 1017.29
7.273e-01 1017.27
7.274e-01 1017.25
7.275e-01 1017.24
7.276e-01 1017.22
7.277e-01 1017.20
7.278e-01 1017.18
7.279e-01 1017.16
7.280e-01 1017.15
7.281e-01 1017.13
7.282e-01 1017.12
7.283e-01 1017.10
7.284e-01 1017.08
7.285e-01 1017.07
7.286e-01 1017.05
7.287e-01 1017.03
7.288e-01 1017.01
7.289e-01 1017.00
7.290e-01 1016.98
7.291e-01 1016.96
7.292e-01 1016.95
7.293e-01 1016.93
7.294e-01 1016.91
7.295e-01 1016.90
7.296e-01 1016.89
7.297e-01 1016.87
7.298e-01 1016.85
7.299e-01 1016.84
7.300e-01 1016.82
7.301e-01 1016.81
7.302e-01 1016.80
7.303e-01 1016.78
7.304e-01 1016.76
7.305e-01 1016.75
7.306e-01 1016.73
7.307e-01 1016.72
7.308e-01 1016.70
7.309e-01 1016.69
7.310e-01 1016.67
7.311e-01 1016.65
7.312e-01 1016.64
7.313e-01 1016.62
7.314e-01 1016.61
7.315e-01 1016.59
7.316e-01 1016.58
7.317e-01 1016.56
7.318e-01 1016.54
7.319e-01 1016.53
7.320e-01 1016.52
7.321e-01 1016.50
7.322e-01 1016.48
7.323e-01 1016.46
7.324e-01 1016.46
7.325e-01 1016.45
7.326e-01 1016.43
7.327e-01 1016.42
7.328e-01 1016.40
7.329e-01 1016.38
7.330e-01 1016.37
7.331e-01 1016.35
7.332e-01 1016.34
7.333e-01 1016.32
7.334e-01 1016.30
7.335e-01 1016.29
7.336e-01 1016.28
7.337e-01 1016.26
7.338e-01 1016.24
7.339e-01 1016.22
7.340e-01 1016.22
7.341e-01 1016.20
7.342e-01 1016.18
7.343e-01 1016.17
7.344e-01 1016.15
7.345e-01 1016.13
7.346e-01 1016.11
7.347e-01 1016.09
7.348e-01 1016.08
7.349e-01 1016.06
7.350e-01 1016.05
7.351e-01 1016.02
7.352e-01 1016.01
7.353e-01 1016.00
7.354e-01 1015.98
7.355e-01 1015.97
7.356e-01 1015.95
7.357e-01 1015.93
7.358e-01 1015.92
7.359e-01 1015.90
7.360e-01 1015.89
7.361e-01 1015.87
7.362e-01 1015.86
7.363e-01 1015.84
7.364e-01 1015.83
7.365e-01 1015.81
7.366e-01 1015.80
7.367e-01 1015.79
7.368e-01 1015.77
7.369e-01 1015.75
7.370e-01 1015.75
7.371e-01 1015.74
7.372e-01 1015.72
7.373e-01 1015.70
7.374e-01 1015.68
7.375e-01 1015.68
7.376e-01 1015.67
7.377e-01 1015.65
7.378e-01 1015.64
7.379e-01 1015.63
7.380e-01 1015.61
7.381e-01 1015.60
7.382e-01 1015.58
7.383e-01 1015.56
7.384e-01 1015.54
7.385e-01 1015.53
7.386e-01 1015.51
7.387e-01 1015.50
7.388e-01 1015.49
7.389e-01 1015.47
7.390e-01 1015.46
7.391e-01 1015.44
7.392e-01 1015.43
7.393e-01 1015.42
7.394e-01 1015.40
7.395e-01 1015.38
7.396e-01 1015.36
7.397e-01 1015.34
7.398e-01 1015.32
7.399e-01 1015.30
7.400e-01 1015.29
7.401e-01 1015.26
7.402e-01 1015.25
7.403e-01 1015.24
7.404e-01 1015.24
7.405e-01 1015.22
7.406e-01 1015.20
7.407e-01 1015.19
7.408e-01 1015.17
7.409e-01 1015.15
7.410e-01 1015.14
7.411e-01 1015.12
7.412e-01 1015.10
7.413e-01 1015.09
7.414e-01 1015.08
7.415e-01 1015.06
7.416e-01 1015.04
7.417e-01 1015.03
7.418e-01 1015.01
7.419e-01 1015.00
7.420e-01 1014.98
7.421e-01 1014.97
7.422e-01 1014.95
7.423e-01 1014.93
7.424e-01 1014.92
7.425e-01 1014.90
7.426e-01 1014.88
7.427e-01 1014.87
7.428e-01 1014.85
7.429e-01 1014.84
7.430e-01 1014.82
7.431e-01 1014.81
7.432e-01 1014.80
7.433e-01 1014.78
7.434e-01 1014.77
7.435e-01 1014.76
7.436e-01 1014.74
7.437e-01 1014.73
7.438e-01 1014.72
7.439e-01 1014.69
7.440e-01 1014.68
7.441e-01 1014.67
7.442e-01 1014.65
7.443e-01 1014.63
7.444e-01 1014.62
7.445e-01 1014.61
7.446e-01 1014.59
7.447e-01 1014.57
7.448e-01 1014.56
7.449e-01 1014.54
7.450e-01 1014.53
7.451e-01 1014.52
7.452e-01 1014.51
7.453e-01 1014.50
7.454e-01 1014.48
7.455e-01 1014.47
7.456e-01 1014.46
7.457e-01 1014.44
7.458e-01 1014.43
7.459e-01 1014.41
7.460e-01 1014.38
7.461e-01 1014.37
7.462e-01 1014.35
7.463e-01 1014.33
7.464e-01 1014.32
7.465e-01 1014.30
7.466e-01 1014.28
7.467e-01 1014.27
7.468e-01 1014.25
7.469e-01 1014.23
7.470e-01 1014.22
7.471e-01 1014.20
7.472e-01 1014.18
7.473e-01 1014.17
7.474e-01 1014.15
7.475e-01 1014.14
7.476e-01 1014.12
7.477e-01 1014.11
7.478e-01 1014.09
7.479e-01 1014.08
7.480e-01 1014.06
7.481e-01 1014.04
7.482e-01 1014.02
7.483e-01 1014.02
7.484e-01 1014.00
7.485e-01 1013.99
7.486e-01 1013.98
7.487e-01 1013.96
7.488e-01 1013.95
7.489e-01 1013.93
7.490e-01 1013.92
7.491e-01 1013.91
7.492e-01 1013.90
7.493e-01 1013.89
7.494e-01 1013.87
7.495e-01 1013.86
7.496e-01 1013.84
7.497e-01 1013.82
7.498e-01 1013.81
7.499e-01 1013.80
7.500e-01 1013.78
7.501e-01 1013.76
7.502e-01 1013.75
7.503e-01 1013.74
7.504e-01 1013.73
7.505e-01 1013.71
7.506e-01 1013.69
7.507e-01 1013.68
7.508e-01 1013.68
7.509e-01 1013.66
7.510e-01 1013.64
7.511e-01 1013.63
7.512e-01 1013.62
7.513e-01 1013.60
7.514e-01 1013.59
7.515e-01 1013.57
7.516e-01 1013.56
7.517e-01 1013.55
7.518e-01 1013.53
7.519e-01 1013.51
7.520e-01 1013.49
7.521e-01 1013.47
7.522e-01 1013.46
7.523e-01 1013.44
7.524e-01 1013.42
7.525e-01 1013.41
7.526e-01 1013.39
7.527e-01 1013.36
7.528e-01 1013.34
7.529e-01 1013.33
7.530e-01 1013.32
7.531e-01 1013.30
7.532e-01 1013.29
7.533e-01 1013.27
7.534e-01 1013.25
7.535e-01 1013.24
7.536e-01 1013.22
7.537e-01 1013.21
7.538e-01 1013.20
7.539e-01 1013.18
7.540e-01 1013.16
7.541e-01 1013.15
7.542e-01 1013.13
7.543e-01 1013.12
7.544e-01 1013.10
7.545e-01 1013.09
7.546e-01 1013.07
7.547e-01 1013.06
7.548e-01 1013.05
7.549e-01 1013.04
7.550e-01 1013.02
7.551e-01 1013.00
7.552e-01 1012.99
7.553e-01 1012.98
7.554e-01 1012.97
7.555e-01 1012.96
7.556e-01 1012.95
7.557e-01 1012.93
7.558e-01 1012.92
7.559e-01 1012.90
7.560e-01 1012.89
7.561e-01 1012.88
7.562e-01 1012.86
7.563e-01 1012.85
7.564e-01 1012.83
7.565e-01 1012.82
7.566e-01 1012.81
7.567e-01 1012.79
7.568e-01 1012.78
7.569e-01 1012.76
7.570e-01 1012.74
7.571e-01 1012.73
7.572e-01 1012.72
7.573e-01 1012.71
7.574e-01 1012.69
7.575e-01 1012.68
7.576e-01 1012.66
7.577e-01 1012.65
7.578e-01 1012.63
7.579e-01 1012.62
7.580e-01 1012.61
7.581e-01 1012.59
7.582e-01 1012.57
7.583e-01 1012.56
7.584e-01 1012.55
7.585e-01 1012.54
7.586e-01 1012.53
7.587e-01 1012.52
7.588e-01 1012.50
7.589e-01 1012.49
7.590e-01 1012.47
7.591e-01 1012.45
7.592e-01 1012.43
7.593e-01 1012.42
7.594e-01 1012.41
7.595e-01 1012.40
7.596e-01 1012.39
7.597e-01 1012.37
7.598e-01 1012.35
7.599e-01 1012.34
7.600e-01 1012.33
7.601e-01 1012.32
7.602e-01 1012.30
7.603e-01 1012.28
7.604e-01 1012.27
7.605e-01 1012.25
7.606e-01 1012.24
7.607e-01 1012.23
7.608e-01 1012.21
7.609e-01 1012.20
7.610e-01 1012.18
7.611e-01 1012.17
7.612e-01 1012.15
7.613e-01 1012.14
7.614e-01 1012.12
7.615e-01 1012.10
7.616e-01 1012.09
7.617e-01 1012.08
7.618e-01 1012.06
7.619e-01 1012.05
7.620e-01 1012.03
7.621e-01 1012.01
7.622e-01 1012.01
7.623e-01 1011.99
7.624e-01 1011.97
7.625e-01 1011.96
7.626e-01 1011.95
7.627e-01 1011.93
7.628e-01 1011.92
7.629e-01 1011.90
7.630e-01 1011.89
7.631e-01 1011.87
7.632e-01 1011.85
7.633e-01 1011.84
7.634e-01 1011.82
7.635e-01 1011.81
7.636e-01 1011.79
7.637e-01 1011.78
7.638e-01 1011.78
7.639e-01 1011.77
7.640e-01 1011.76
7.641e-01 1011.75
7.642e-01 1011.73
7.643e-01 1011.72
7.644e-01 1011.70
7.645e-01 1011.69
7.646e-01 1011.67
7.647e-01 1011.65
7.648e-01 1011.64
7.649e-01 1011.63
7.650e-01 1011.62
7.651e-01 1011.60
7.652e-01 1011.59
7.653e-01 1011.58
7.654e-01 1011.57
7.655e-01 1011.55
7.656e-01 1011.53
7.657e-01 1011.52
7.658e-01 1011.50
7.659e-01 1011.49
7.660e-01 1011.47
7.661e-01 1011.45
7.662e-01 1011.44
7.663e-01 1011.43
7.664e-01 1011.41
7.665e-01 1011.39
7.666e-01 1011.37
7.667e-01 1011.36
7.668e-01 1011.34
7.669e-01 1011.33
7.670e-01 1011.32
7.671e-01 1011.30
7.672e-01 1011.29
7.673e-01 1011.27
7.674e-01 1011.26
7.675e-01 1011.25
7.676e-01 1011.23
7.677e-01 1011.21
7.678e-01 1011.19
7.679e-01 1011.18
7.680e-01 1011.16
7.681e-01 1011.14
7.682e-01 1011.12
7.683e-01 1011.11
7.684e-01 1011.09
7.685e-01 1011.08
7.686e-01 1011.06
7.687e-01 1011.04
7.688e-01 1011.03
7.689e-01 1011.02
7.690e-01 1011.00
7.691e-01 1010.99
7.692e-01 1010.97
7.693e-01 1010.95
7.694e-01 1010.94
7.695e-01 1010.92
7.696e-01 1010.90
7.697e-01 1010.89
7.698e-01 1010.87
7.699e-01 1010.85
7.700e-01 1010.83
7.701e-01 1010.82
7.702e-01 1010.80
7.703e-01 1010.79
7.704e-01 1010.77
7.705e-01 1010.76
7.706e-01 1010.75
7.707e-01 1010.74
7.708e-01 1010.72
7.709e-01 1010.71
7.710e-01 1010.70
7.711e-01 1010.68
7.712e-01 1010.67
7.713e-01 1010.66
7.714e-01 1010.64
7.715e-01 1010.63
7.716e-01 1010.61
7.717e-01 1010.60
7.718e-01 1010.59
7.719e-01 1010.58
7.720e-01 1010.57
7.721e-01 1010.56
7.722e-01 1010.55
7.723e-01 1010.55
7.724e-01 1010.54
7.725e-01 1010.53
7.726e-01 1010.51
7.727e-01 1010.51
7.728e-01 1010.50
7.729e-01 1010.48
7.730e-01 1010.47
7.731e-01 1010.45
7.732e-01 1010.44
7.733e-01 1010.43
7.734e-01 1010.41
7.735e-01 1010.40
7.736e-01 1010.39
7.737e-01 1010.37
7.738e-01 1010.36
7.739e-01 1010.34
7.740e-01 1010.33
7.741e-01 1010.33
7.742e-01 1010.32
7.743e-01 1010.30
7.744e-01 1010.28
7.745e-01 1010.27
7.746e-01 1010.26
7.747e-01 1010.25
7.748e-01 1010.23
7.749e-01 1010.21
7.750e-01 1010.20
7.751e-01 1010.18
7.752e-01 1010.17
7.753e-01 1010.15
7.754e-01 1010.14
7.755e-01 1010.14
7.756e-01 1010.12
7.757e-01 1010.11
7.758e-01 1010.09
7.759e-01 1010.08
7.760e-01 1010.06
7.761e-01 1010.04
7.762e-01 1010.02
7.763e-01 1010.01
7.764e-01 1009.99
7.765e-01 1009.98
7.766e-01 1009.96
7.767e-01 1009.95
7.768e-01 1009.93
7.769e-01 1009.91
7.770e-01 1009.89
7.771e-01 1009.89
7.772e-01 1009.88
7.773e-01 1009.86
7.774e-01 1009.84
7.775e-01 1009.82
7.776e-01 1009.82
7.777e-01 1009.81
7.778e-01 1009.80
7.779e-01 1009.78
7.780e-01 1009.76
7.781e-01 1009.75
7.782e-01 1009.74
7.783e-01 1009.72
7.784e-01 1009.70
7.785e-01 1009.69
7.786e-01 1009.69
7.787e-01 1009.67
7.788e-01 1009.66
7.789e-01 1009.64
7.790e-01 1009.63
7.791e-01 1009.62
7.792e-01 1009.60
7.793e-01 1009.59
7.794e-01 1009.57
7.795e-01 1009.56
7.796e-01 1009.55
7.797e-01 1009.52
7.798e-01 1009.51
7.799e-01 1009.50
7.800e-01 1009.49
7.801e-01 1009.47
7.802e-01 1009.45
7.803e-01 1009.44
7.804e-01 1009.43
7.805e-01 1009.41
7.806e-01 1009.39
7.807e-01 1009.38
7.808e-01 1009.37
7.809e-01 1009.35
7.810e-01 1009.33
7.811e-01 1009.31
7.812e-01 1009.31
7.813e-01 1009.29
7.814e-01 1009.28
7.815e-01 1009.26
7.816e-01 1009.25
7.817e-01 1009.24
7.818e-01 1009.22
7.819e-01 1009.20
7.820e-01 1009.18
7.821e-01 1009.17
7.822e-01 1009.16
7.823e-01 1009.15
7.824e-01 1009.13
7.825e-01 1009.11
7.826e-01 1009.11
7.827e-01 1009.10
7.828e-01 1009.09
7.829e-01 1009.07
7.830e-01 1009.05
7.831e-01 1009.04
7.832e-01 1009.02
7.833e-01 1009.02
7.834e-01 1009.00
7.835e-01 1008.99
7.836e-01 1008.97
7.837e-01 1008.96
7.838e-01 1008.95
7.839e-01 1008.94
7.840e-01 1008.92
7.841e-01 1008.91
7.842e-01 1008.89
7.843e-01 1008.88
7.844e-01 1008.87
7.845e-01 1008.86
7.846e-01 1008.84
7.847e-01 1008.83
7.848e-01 1008.82
7.849e-01 1008.81
7.850e-01 1008.80
7.851e-01 1008.79
7.852e-01 1008.77
7.853e-01 1008.76
7.854e-01 1008.75
7.855e-01 1008.73
7.856e-01 1008.72
7.857e-01 1008.71
7.858e-01 1008.70
7.859e-01 1008.68
7.860e-01 1008.67
7.861e-01 1008.66
7.862e-01 1008.65
7.863e-01 1008.64
7.864e-01 1008.63
7.865e-01 1008.61
7.866e-01 1008.60
7.867e-01 1008.59
7.868e-01 1008.58
7.869e-01 1008.57
7.870e-01 1008.56
7.871e-01 1008.55
7.872e-01 1008.54
7.873e-01 1008.52
7.874e-01 1008.52
7.875e-01 1008.51
7.876e-01 1008.49
7.877e-01 1008.48
7.878e-01 1008.46
7.879e-01 1008.45
7.880e-01 1008.44
7.881e-01 1008.42
7.882e-01 1008.41
7.883e-01 1008.39
7.884e-01 1008.38
7.885e-01 1008.36
7.886e-01 1008.36
7.887e-01 1008.35
7.888e-01 1008.34
7.889e-01 1008.32
7.890e-01 1008.31
7.891e-01 1008.29
7.892e-01 1008.27
7.893e-01 1008.26
7.894e-01 1008.24
7.895e-01 1008.23
7.896e-01 1008.21
7.897e-01 1008.19
7.898e-01 1008.17
7.899e-01 1008.17
7.900e-01 1008.15
7.901e-01 1008.14
7.902e-01 1008.13
7.903e-01 1008.11
7.904e-01 1008.10
7.905e-01 1008.07
7.906e-01 1008.06
7.907e-01 1008.05
7.908e-01 1008.03
7.909e-01 1008.02
7.910e-01 1008.01
7.911e-01 1008.00
7.912e-01 1007.98
7.913e-01 1007.96
7.914e-01 1007.95
7.915e-01 1007.93
7.916e-01 1007.92
7.917e-01 1007.90
7.918e-01 1007.90
7.919e-01 1007.88
7.920e-01 1007.87
7.921e-01 1007.86
7.922e-01 1007.85
7.923e-01 1007.83
7.924e-01 1007.82
7.925e-01 1007.81
7.926e-01 1007.80
7.927e-01 1007.78
7.928e-01 1007.76
7.929e-01 1007.75
7.930e-01 1007.74
7.931e-01 1007.72
7.932e-01 1007.71
7.933e-01 1007.70
7.934e-01 1007.69
7.935e-01 1007.68
7.936e-01 1007.66
7.937e-01 1007.65
7.938e-01 1007.63
7.939e-01 1007.61
7.940e-01 1007.60
7.941e-01 1007.59
7.942e-01 1007.58
7.943e-01 1007.56
7.944e-01 1007.54
7.945e-01 1007.54
7.946e-01 1007.53
7.947e-01 1007.51
7.948e-01 1007.49
7.949e-01 1007.48
7.950e-01 1007.45
7.951e-01 1007.44
7.952e-01 1007.43
7.953e-01 1007.41
7.954e-01 1007.40
7.955e-01 1007.39
7.956e-01 1007.37
7.957e-01 1007.35
7.958e-01 1007.35
7.959e-01 1007.33
7.960e-01 1007.32
7.961e-01 1007.30
7.962e-01 1007.29
7.963e-01 1007.28
7.964e-01 1007.26
7.965e-01 1007.25
7.966e-01 1007.24
7.967e-01 1007.23
7.968e-01 1007.22
7.969e-01 1007.20
7.970e-01 1007.19
7.971e-01 1007.18
7.972e-01 1007.17
7.973e-01 1007.15
7.974e-01 1007.14
7.975e-01 1007.13
7.976e-01 1007.11
7.977e-01 1007.10
7.978e-01 1007.09
7.979e-01 1007.09
7.980e-01 1007.07
7.981e-01 1007.06
7.982e-01 1007.04
7.983e-01 1007.02
7.984e-01 1007.01
7.985e-01 1006.99
7.986e-01 1006.98
7.987e-01 1006.96
7.988e-01 1006.95
7.989e-01 1006.95
7.990e-01 1006.93
7.991e-01 1006.92
7.992e-01 1006.90
7.993e-01 1006.88
7.994e-01 1006.87
7.995e-01 1006.86
7.996e-01 1006.84
7.997e-01 1006.83
7.998e-01 1006.81
7.999e-01 1006.80
8.000e-01 1006.79
8.001e-01 1006.78
8.002e-01 1006.76
8.003e-01 1006.76
8.004e-01 1006.74
8.005e-01 1006.74
8.006e-01 1006.72
8.007e-01 1006.71
8.008e-01 1006.69
8.009e-01 1006.68
8.010e-01 1006.67
8.011e-01 1006.66
8.012e-01 1006.65
8.013e-01 1006.64
8.014e-01 1006.63
8.015e-01 1006.61
8.016e-01 1006.61
8.017e-01 1006.59
8.018e-01 1006.58
8.019e-01 1006.56
8.020e-01 1006.55
8.021e-01 1006.54
8.022e-01 1006.53
8.023e-01 1006.52
8.024e-01 1006.51
8.025e-01 1006.50
8.026e-01 1006.48
8.027e-01 1006.47
8.028e-01 1006.46
8.029e-01 1006.45
8.030e-01 1006.44
8.031e-01 1006.43
8.032e-01 1006.42
8.033e-01 1006.40
8.034e-01 1006.39
8.035e-01 1006.38
8.036e-01 1006.37
8.037e-01 1006.36
8.038e-01 1006.35
8.039e-01 1006.34
8.040e-01 1006.33
8.041e-01 1006.34
8.042e-01 1006.32
8.043e-01 1006.30
8.044e-01 1006.29
8.045e-01 1006.28
8.046e-01 1006.28
8.047e-01 1006.27
8.048e-01 1006.26
8.049e-01 1006.25
8.050e-01 1006.24
8.051e-01 1006.23
8.052e-01 1006.22
8.053e-01 1006.21
8.054e-01 1006.19
8.055e-01 1006.19
8.056e-01 1006.17
8.057e-01 1006.15
8.058e-01 1006.14
8.059e-01 1006.13
8.060e-01 1006.13
8.061e-01 1006.11
8.062e-01 1006.10
8.063e-01 1006.09
8.064e-01 1006.08
8.065e-01 1006.07
8.066e-01 1006.06
8.067e-01 1006.05
8.068e-01 1006.04
8.069e-01 1006.02
8.070e-01 1006.01
8.071e-01 1006.01
8.072e-01 1005.99
8.073e-01 1005.99
8.074e-01 1005.97
8.075e-01 1005.96
8.076e-01 1005.94
8.077e-01 1005.93
8.078e-01 1005.92
8.079e-01 1005.90
8.080e-01 1005.89
8.081e-01 1005.88
8.082e-01 1005.87
8.083e-01 1005.86
8.084e-01 1005.84
8.085e-01 1005.82
8.086e-01 1005.81
8.087e-01 1005.80
8.088e-01 1005.79
8.089e-01 1005.78
8.090e-01 1005.76
8.091e-01 1005.74
8.092e-01 1005.72
8.093e-01 1005.71
8.094e-01 1005.69
8.095e-01 1005.67
8.096e-01 1005.67
8.097e-01 1005.65
8.098e-01 1005.64
8.099e-01 1005.63
8.100e-01 1005.62
8.101e-01 1005.61
8.102e-01 1005.59
8.103e-01 1005.58
8.104e-01 1005.56
8.105e-01 1005.55
8.106e-01 1005.54
8.107e-01 1005.53
8.108e-01 1005.53
8.109e-01 1005.52
8.110e-01 1005.51
8.111e-01 1005.50
8.112e-01 1005.48
8.113e-01 1005.47
8.114e-01 1005.47
8.115e-01 1005.45
8.116e-01 1005.44
8.117e-01 1005.43
8.118e-01 1005.42
8.119e-01 1005.41
8.120e-01 1005.41
8.121e-01 1005.39
8.122e-01 1005.38
8.123e-01 1005.37
8.124e-01 1005.36
8.125e-01 1005.36
8.126e-01 1005.35
8.127e-01 1005.33
8.128e-01 1005.32
8.129e-01 1005.31
8.130e-01 1005.29
8.131e-01 1005.29
8.132e-01 1005.27
8.133e-01 1005.26
8.134e-01 1005.25
8.135e-01 1005.24
8.136e-01 1005.23
8.137e-01 1005.21
8.138e-01 1005.19
8.139e-01 1005.19
8.140e-01 1005.18
8.141e-01 1005.16
8.142e-01 1005.15
8.143e-01 1005.14
8.144e-01 1005.13
8.145e-01 1005.12
8.146e-01 1005.11
8.147e-01 1005.08
8.148e-01 1005.07
8.149e-01 1005.06
8.150e-01 1005.05
8.151e-01 1005.04
8.152e-01 1005.03
8.153e-01 1005.01
8.154e-01 1005.00
8.155e-01 1004.98
8.156e-01 1004.97
8.157e-01 1004.96
8.158e-01 1004.95
8.159e-01 1004.94
8.160e-01 1004.92
8.161e-01 1004.91
8.162e-01 1004.90
8.163e-01 1004.89
8.164e-01 1004.88
8.165e-01 1004.87
8.166e-01 1004.85
8.167e-01 1004.85
8.168e-01 1004.84
8.169e-01 1004.83
8.170e-01 1004.82
8.171e-01 1004.81
8.172e-01 1004.79
8.173e-01 1004.78
8.174e-01 1004.76
8.175e-01 1004.75
8.176e-01 1004.74
8.177e-01 1004.72
8.178e-01 1004.71
8.179e-01 1004.70
8.180e-01 1004.69
8.181e-01 1004.68
8.182e-01 1004.67
8.183e-01 1004.65
8.184e-01 1004.65
8.185e-01 1004.63
8.186e-01 1004.62
8.187e-01 1004.61
8.188e-01 1004.60
8.189e-01 1004.59
8.190e-01 1004.57
8.191e-01 1004.57
8.192e-01 1004.56
8.193e-01 1004.54
8.194e-01 1004.53
8.195e-01 1004.51
8.196e-01 1004.50
8.197e-01 1004.49
8.198e-01 1004.47
8.199e-01 1004.46
8.200e-01 1004.45
8.201e-01 1004.44
8.202e-01 1004.44
8.203e-01 1004.42
8.204e-01 1004.41
8.205e-01 1004.39
8.206e-01 1004.38
8.207e-01 1004.37
8.208e-01 1004.35
8.209e-01 1004.34
8.210e-01 1004.33
8.211e-01 1004.31
8.212e-01 1004.31
8.213e-01 1004.30
8.214e-01 1004.29
8.215e-01 1004.27
8.216e-01 1004.26
8.217e-01 1004.24
8.218e-01 1004.23
8.219e-01 1004.22
8.220e-01 1004.21
8.221e-01 1004.20
8.222e-01 1004.18
8.223e-01 1004.17
8.224e-01 1004.15
8.225e-01 1004.14
8.226e-01 1004.13
8.227e-01 1004.11
8.228e-01 1004.11
8.229e-01 1004.11
8.230e-01 1004.09
8.231e-01 1004.08
8.232e-01 1004.06
8.233e-01 1004.05
8.234e-01 1004.04
8.235e-01 1004.03
8.236e-01 1004.01
8.237e-01 1003.99
8.238e-01 1003.99
8.239e-01 1003.97
8.240e-01 1003.95
8.241e-01 1003.94
8.242e-01 1003.93
8.243e-01 1003.92
8.244e-01 1003.91
8.245e-01 1003.90
8.246e-01 1003.88
8.247e-01 1003.87
8.248e-01 1003.86
8.249e-01 1003.84
8.250e-01 1003.83
8.251e-01 1003.82
8.252e-01 1003.81
8.253e-01 1003.80
8.254e-01 1003.78
8.255e-01 1003.78
8.256e-01 1003.76
8.257e-01 1003.75
8.258e-01 1003.74
8.259e-01 1003.73
8.260e-01 1003.72
8.261e-01 1003.71
8.262e-01 1003.70
8.263e-01 1003.69
8.264e-01 1003.67
8.265e-01 1003.67
8.266e-01 1003.65
8.267e-01 1003.64
8.268e-01 1003.63
8.269e-01 1003.62
8.270e-01 1003.60
8.271e-01 1003.59
8.272e-01 1003.58
8.273e-01 1003.56
8.274e-01 1003.55
8.275e-01 1003.55
8.276e-01 1003.54
8.277e-01 1003.53
8.278e-01 1003.52
8.279e-01 1003.51
8.280e-01 1003.49
8.281e-01 1003.49
8.282e-01 1003.48
8.283e-01 1003.47
8.284e-01 1003.45
8.285e-01 1003.44
8.286e-01 1003.43
8.287e-01 1003.42
8.288e-01 1003.40
8.289e-01 1003.39
8.290e-01 1003.38
8.291e-01 1003.37
8.292e-01 1003.36
8.293e-01 1003.35
8.294e-01 1003.35
8.295e-01 1003.33
8.296e-01 1003.32
8.297e-01 1003.31
8.298e-01 1003.30
8.299e-01 1003.28
8.300e-01 1003.27
8.301e-01 1003.25
8.302e-01 1003.24
8.303e-01 1003.23
8.304e-01 1003.22
8.305e-01 1003.21
8.306e-01 1003.20
8.307e-01 1003.19
8.308e-01 1003.18
8.309e-01 1003.16
8.310e-01 1003.15
8.311e-01 1003.13
8.312e-01 1003.12
8.313e-01 1003.11
8.314e-01 1003.11
8.315e-01 1003.10
8.316e-01 1003.08
8.317e-01 1003.08
8.318e-01 1003.07
8.319e-01 1003.06
8.320e-01 1003.05
8.321e-01 1003.04
8.322e-01 1003.02
8.323e-01 1003.01
8.324e-01 1003.00
8.325e-01 1002.99
8.326e-01 1002.98
8.327e-01 1002.97
8.328e-01 1002.96
8.329e-01 1002.95
8.330e-01 1002.94
8.331e-01 1002.93
8.332e-01 1002.91
8.333e-01 1002.90
8.334e-01 1002.88
8.335e-01 1002.87
8.336e-01 1002.86
8.337e-01 1002.84
8.338e-01 1002.82
8.339e-01 1002.81
8.340e-01 1002.80
8.341e-01 1002.79
8.342e-01 1002.78
8.343e-01 1002.77
8.344e-01 1002.76
8.345e-01 1002.74
8.346e-01 1002.73
8.347e-01 1002.72
8.348e-01 1002.72
8.349e-01 1002.70
8.350e-01 1002.69
8.351e-01 1002.68
8.352e-01 1002.66
8.353e-01 1002.65
8.354e-01 1002.63
8.355e-01 1002.62
8.356e-01 1002.60
8.357e-01 1002.59
8.358e-01 1002.58
8.359e-01 1002.58
8.360e-01 1002.57
8.361e-01 1002.56
8.362e-01 1002.55
8.363e-01 1002.54
8.364e-01 1002.53
8.365e-01 1002.51
8.366e-01 1002.51
8.367e-01 1002.50
8.368e-01 1002.48
8.369e-01 1002.47
8.370e-01 1002.46
8.371e-01 1002.45
8.372e-01 1002.44
8.373e-01 1002.43
8.374e-01 1002.42
8.375e-01 1002.40
8.376e-01 1002.39
8.377e-01 1002.39
8.378e-01 1002.38
8.379e-01 1002.37
8.380e-01 1002.36
8.381e-01 1002.35
8.382e-01 1002.34
8.383e-01 1002.32
8.384e-01 1002.30
8.385e-01 1002.29
8.386e-01 1002.28
8.387e-01 1002.26
8.388e-01 1002.26
8.389e-01 1002.24
8.390e-01 1002.23
8.391e-01 1002.22
8.392e-01 1002.21
8.393e-01 1002.20
8.394e-01 1002.19
8.395e-01 1002.18
8.396e-01 1002.17
8.397e-01 1002.17
8.398e-01 1002.16
8.399e-01 1002.15
8.400e-01 1002.13
8.401e-01 1002.13
8.402e-01 1002.11
8.403e-01 1002.09
8.404e-01 1002.08
8.405e-01 1002.07
8.406e-01 1002.06
8.407e-01 1002.04
8.408e-01 1002.02
8.409e-01 1002.01
8.410e-01 1002.00
8.411e-01 1001.99
8.412e-01 1001.97
8.413e-01 1001.97
8.414e-01 1001.96
8.415e-01 1001.94
8.416e-01 1001.93
8.417e-01 1001.93
8.418e-01 1001.93
8.419e-01 1001.91
8.420e-01 1001.91
8.421e-01 1001.90
8.422e-01 1001.89
8.423e-01 1001.88
8.424e-01 1001.86
8.425e-01 1001.85
8.426e-01 1001.84
8.427e-01 1001.83
8.428e-01 1001.81
8.429e-01 1001.80
8.430e-01 1001.79
8.431e-01 1001.79
8.432e-01 1001.78
8.433e-01 1001.77
8.434e-01 1001.77
8.435e-01 1001.77
8.436e-01 1001.75
8.437e-01 1001.74
8.438e-01 1001.73
8.439e-01 1001.71
8.440e-01 1001.70
8.441e-01 1001.69
8.442e-01 1001.69
8.443e-01 1001.68
8.444e-01 1001.66
8.445e-01 1001.65
8.446e-01 1001.64
8.447e-01 1001.63
8.448e-01 1001.62
8.449e-01 1001.61
8.450e-01 1001.61
8.451e-01 1001.59
8.452e-01 1001.58
8.453e-01 1001.57
8.454e-01 1001.56
8.455e-01 1001.55
8.456e-01 1001.54
8.457e-01 1001.52
8.458e-01 1001.50
8.459e-01 1001.49
8.460e-01 1001.47
8.461e-01 1001.46
8.462e-01 1001.45
8.463e-01 1001.44
8.464e-01 1001.42
8.465e-01 1001.41
8.466e-01 1001.40
8.467e-01 1001.39
8.468e-01 1001.37
8.469e-01 1001.36
8.470e-01 1001.34
8.471e-01 1001.34
8.472e-01 1001.32
8.473e-01 1001.31
8.474e-01 1001.29
8.475e-01 1001.29
8.476e-01 1001.28
8.477e-01 1001.27
8.478e-01 1001.26
8.479e-01 1001.25
8.480e-01 1001.24
8.481e-01 1001.22
8.482e-01 1001.21
8.483e-01 1001.21
8.484e-01 1001.21
8.485e-01 1001.19
8.486e-01 1001.19
8.487e-01 1001.17
8.488e-01 1001.16
8.489e-01 1001.15
8.490e-01 1001.14
8.491e-01 1001.12
8.492e-01 1001.11
8.493e-01 1001.10
8.494e-01 1001.09
8.495e-01 1001.08
8.496e-01 1001.07
8.497e-01 1001.06
8.498e-01 1001.05
8.499e-01 1001.04
8.500e-01 1001.03
8.501e-01 1001.02
8.502e-01 1001.00
8.503e-01 1000.99
8.504e-01 1000.98
8.505e-01 1000.97
8.506e-01 1000.97
8.507e-01 1000.96
8.508e-01 1000.94
8.509e-01 1000.93
8.510e-01 1000.92
8.511e-01 1000.91
8.512e-01 1000.90
8.513e-01 1000.89
8.514e-01 1000.87
8.515e-01 1000.87
8.516e-01 1000.86
8.517e-01 1000.85
8.518e-01 1000.84
8.519e-01 1000.83
8.520e-01 1000.82
8.521e-01 1000.81
8.522e-01 1000.80
8.523e-01 1000.79
8.524e-01 1000.77
8.525e-01 1000.76
8.526e-01 1000.75
8.527e-01 1000.75
8.528e-01 1000.73
8.529e-01 1000.71
8.530e-01 1000.70
8.531e-01 1000.69
8.532e-01 1000.69
8.533e-01 1000.68
8.534e-01 1000.67
8.535e-01 1000.65
8.536e-01 1000.64
8.537e-01 1000.62
8.538e-01 1000.62
8.539e-01 1000.61
8.540e-01 1000.59
8.541e-01 1000.58
8.542e-01 1000.57
8.543e-01 1000.56
8.544e-01 1000.55
8.545e-01 1000.53
8.546e-01 1000.52
8.547e-01 1000.51
8.548e-01 1000.50
8.549e-01 1000.49
8.550e-01 1000.48
8.551e-01 1000.47
8.552e-01 1000.46
8.553e-01 1000.45
8.554e-01 1000.44
8.555e-01 1000.42
8.556e-01 1000.42
8.557e-01 1000.41
8.558e-01 1000.40
8.559e-01 1000.38
8.560e-01 1000.37
8.561e-01 1000.36
8.562e-01 1000.35
8.563e-01 1000.36
8.564e-01 1000.35
8.565e-01 1000.34
8.566e-01 1000.33
8.567e-01 1000.32
8.568e-01 1000.31
8.569e-01 1000.30
8.570e-01 1000.29
8.571e-01 1000.28
8.572e-01 1000.27
8.573e-01 1000.27
8.574e-01 1000.26
8.575e-01 1000.25
8.576e-01 1000.24
8.577e-01 1000.22
8.578e-01 1000.21
8.579e-01 1000.20
8.580e-01 1000.20
8.581e-01 1000.18
8.582e-01 1000.17
8.583e-01 1000.16
8.584e-01 1000.15
8.585e-01 1000.15
8.586e-01 1000.14
8.587e-01 1000.12
8.588e-01 1000.10
8.589e-01 1000.09
8.590e-01 1000.08
8.591e-01 1000.07
8.592e-01 1000.06
8.593e-01 1000.05
8.594e-01 1000.03
8.595e-01 1000.02
8.596e-01 1000.02
8.597e-01 1000.01
8.598e-01 1000.00
8.599e-01 999.99
8.600e-01 999.97
8.601e-01 999.96
8.602e-01 999.96
8.603e-01 999.95
8.604e-01 999.94
8.605e-01 999.93
8.606e-01 999.91
8.607e-01 999.91
8.608e-01 999.90
8.609e-01 999.88
8.610e-01 999.87
8.611e-01 999.86
8.612e-01 999.84
8.613e-01 999.84
8.614e-01 999.83
8.615e-01 999.83
8.616e-01 999.81
8.617e-01 999.79
8.618e-01 999.79
8.619e-01 999.78
8.620e-01 999.77
8.621e-01 999.76
8.622e-01 999.74
8.623e-01 999.73
8.624e-01 999.72
8.625e-01 999.70
8.626e-01 999.69
8.627e-01 999.67
8.628e-01 999.65
8.629e-01 999.65
8.630e-01 999.64
8.631e-01 999.62
8.632e-01 999.61
8.633e-01 999.60
8.634e-01 999.59
8.635e-01 999.59
8.636e-01 999.58
8.637e-01 999.57
8.638e-01 999.56
8.639e-01 999.54
8.640e-01 999.54
8.641e-01 999.53
8.642e-01 999.53
8.643e-01 999.53
8.644e-01 999.52
8.645e-01 999.51
8.646e-01 999.50
8.647e-01 999.49
8.648e-01 999.48
8.649e-01 999.47
8.650e-01 999.47
8.651e-01 999.45
8.652e-01 999.44
8.653e-01 999.43
8.654e-01 999.42
8.655e-01 999.42
8.656e-01 999.40
8.657e-01 999.40
8.658e-01 999.38
8.659e-01 999.37
8.660e-01 999.35
8.661e-01 999.35
8.662e-01 999.33
8.663e-01 999.32
8.664e-01 999.31
8.665e-01 999.31
8.666e-01 999.30
8.667e-01 999.29
8.668e-01 999.28
8.669e-01 999.27
8.670e-01 999.25
8.671e-01 999.25
8.672e-01 999.24
8.673e-01 999.23
8.674e-01 999.22
8.675e-01 999.21
8.676e-01 999.19
8.677e-01 999.18
8.678e-01 999.17
8.679e-01 999.16
8.680e-01 999.15
8.681e-01 999.15
8.682e-01 999.13
8.683e-01 999.12
8.684e-01 999.11
8.685e-01 999.11
8.686e-01 999.10
8.687e-01 999.10
8.688e-01 999.09
8.689e-01 999.08
8.690e-01 999.06
8.691e-01 999.05
8.692e-01 999.05
8.693e-01 999.04
8.694e-01 999.03
8.695e-01 999.02
8.696e-01 999.01
8.697e-01 999.00
8.698e-01 999.00
8.699e-01 998.99
8.700e-01 998.98
8.701e-01 998.97
8.702e-01 998.97
8.703e-01 998.95
8.704e-01 998.95
8.705e-01 998.94
8.706e-01 998.92
8.707e-01 998.91
8.708e-01 998.90
8.709e-01 998.90
8.710e-01 998.89
8.711e-01 998.89
8.712e-01 998.88
8.713e-01 998.87
8.714e-01 998.86
8.715e-01 998.85
8.716e-01 998.83
8.717e-01 998.82
8.718e-01 998.81
8.719e-01 998.80
8.720e-01 998.78
8.721e-01 998.78
8.722e-01 998.76
8.723e-01 998.75
8.724e-01 998.74
8.725e-01 998.75
8.726e-01 998.73
8.727e-01 998.73
8.728e-01 998.71
8.729e-01 998.71
8.730e-01 998.69
8.731e-01 998.68
8.732e-01 998.67
8.733e-01 998.67
8.734e-01 998.66
8.735e-01 998.65
8.736e-01 998.64
8.737e-01 998.63
8.738e-01 998.61
8.739e-01 998.60
8.740e-01 998.59
8.741e-01 998.57
8.742e-01 998.58
8.743e-01 998.57
8.744e-01 998.56
8.745e-01 998.55
8.746e-01 998.53
8.747e-01 998.52
8.748e-01 998.51
8.749e-01 998.50
8.750e-01 998.49
8.751e-01 998.47
8.752e-01 998.45
8.753e-01 998.44
8.754e-01 998.44
8.755e-01 998.43
8.756e-01 998.42
8.757e-01 998.40
8.758e-01 998.39
8.759e-01 998.38
8.760e-01 998.37
8.761e-01 998.36
8.762e-01 998.35
8.763e-01 998.34
8.764e-01 998.33
8.765e-01 998.32
8.766e-01 998.30
8.767e-01 998.29
8.768e-01 998.28
8.769e-01 998.28
8.770e-01 998.28
8.771e-01 998.26
8.772e-01 998.24
8.773e-01 998.23
8.774e-01 998.22
8.775e-01 998.22
8.776e-01 998.21
8.777e-01 998.20
8.778e-01 998.20
8.779e-01 998.19
8.780e-01 998.18
8.781e-01 998.18
8.782e-01 998.17
8.783e-01 998.15
8.784e-01 998.14
8.785e-01 998.13
8.786e-01 998.12
8.787e-01 998.11
8.788e-01 998.10
8.789e-01 998.09
8.790e-01 998.08
8.791e-01 998.07
8.792e-01 998.05
8.793e-01 998.05
8.794e-01 998.04
8.795e-01 998.03
8.796e-01 998.02
8.797e-01 998.00
8.798e-01 998.00
8.799e-01 997.98
8.800e-01 997.97
8.801e-01 997.96
8.802e-01 997.95
8.803e-01 997.95
8.804e-01 997.95
8.805e-01 997.94
8.806e-01 997.93
8.807e-01 997.93
8.808e-01 997.93
8.809e-01 997.92
8.810e-01 997.91
8.811e-01 997.90
8.812e-01 997.88
8.813e-01 997.87
8.814e-01 997.86
8.815e-01 997.84
8.816e-01 997.83
8.817e-01 997.82
8.818e-01 997.81
8.819e-01 997.80
8.820e-01 997.79
8.821e-01 997.79
8.822e-01 997.78
8.823e-01 997.78
8.824e-01 997.76
8.825e-01 997.76
8.826e-01 997.75
8.827e-01 997.74
8.828e-01 997.73
8.829e-01 997.72
8.830e-01 997.71
8.831e-01 997.70
8.832e-01 997.69
8.833e-01 997.68
8.834e-01 997.67
8.835e-01 997.66
8.836e-01 997.65
8.837e-01 997.64
8.838e-01 997.63
8.839e-01 997.62
8.840e-01 997.60
8.841e-01 997.60
8.842e-01 997.59
8.843e-01 997.59
8.844e-01 997.57
8.845e-01 997.56
8.846e-01 997.56
8.847e-01 997.55
8.848e-01 997.53
8.849e-01 997.52
8.850e-01 997.52
8.851e-01 997.51
8.852e-01 997.50
8.853e-01 997.49
8.854e-01 997.48
8.855e-01 997.47
8.856e-01 997.46
8.857e-01 997.45
8.858e-01 997.44
8.859e-01 997.45
8.860e-01 997.44
8.861e-01 997.44
8.862e-01 997.42
8.863e-01 997.42
8.864e-01 997.41
8.865e-01 997.39
8.866e-01 997.39
8.867e-01 997.37
8.868e-01 997.36
8.869e-01 997.35
8.870e-01 997.34
8.871e-01 997.32
8.872e-01 997.31
8.873e-01 997.30
8.874e-01 997.29
8.875e-01 997.28
8.876e-01 997.27
8.877e-01 997.27
8.878e-01 997.26
8.879e-01 997.25
8.880e-01 997.23
8.881e-01 997.23
8.882e-01 997.22
8.883e-01 997.20
8.884e-01 997.21
8.885e-01 997.20
8.886e-01 997.19
8.887e-01 997.18
8.888e-01 997.17
8.889e-01 997.16
8.890e-01 997.14
8.891e-01 997.13
8.892e-01 997.12
8.893e-01 997.12
8.894e-01 997.10
8.895e-01 997.10
8.896e-01 997.09
8.897e-01 997.08
8.898e-01 997.06
8.899e-01 997.05
8.900e-01 997.05
8.901e-01 997.04
8.902e-01 997.03
8.903e-01 997.01
8.904e-01 997.00
8.905e-01 997.01
8.906e-01 997.00
8.907e-01 996.99
8.908e-01 996.97
8.909e-01 996.97
8.910e-01 996.96
8.911e-01 996.95
8.912e-01 996.94
8.913e-01 996.93
8.914e-01 996.93
8.915e-01 996.92
8.916e-01 996.91
8.917e-01 996.89
8.918e-01 996.88
8.919e-01 996.88
8.920e-01 996.88
8.921e-01 996.88
8.922e-01 996.86
8.923e-01 996.85
8.924e-01 996.84
8.925e-01 996.83
8.926e-01 996.83
8.927e-01 996.81
8.928e-01 996.80
8.929e-01 996.79
8.930e-01 996.79
8.931e-01 996.78
8.932e-01 996.77
8.933e-01 996.75
8.934e-01 996.74
8.935e-01 996.72
8.936e-01 996.70
8.937e-01 996.69
8.938e-01 996.69
8.939e-01 996.68
8.940e-01 996.67
8.941e-01 996.66
8.942e-01 996.65
8.943e-01 996.64
8.944e-01 996.64
8.945e-01 996.63
8.946e-01 996.61
8.947e-01 996.61
8.948e-01 996.60
8.949e-01 996.58
8.950e-01 996.58
8.951e-01 996.57
8.952e-01 996.56
8.953e-01 996.55
8.954e-01 996.54
8.955e-01 996.53
8.956e-01 996.52
8.957e-01 996.51
8.958e-01 996.50
8.959e-01 996.48
8.960e-01 996.48
8.961e-01 996.46
8.962e-01 996.45
8.963e-01 996.44
8.964e-01 996.43
8.965e-01 996.42
8.966e-01 996.42
8.967e-01 996.41
8.968e-01 996.40
8.969e-01 996.38
8.970e-01 996.37
8.971e-01 996.36
8.972e-01 996.36
8.973e-01 996.35
8.974e-01 996.35
8.975e-01 996.33
8.976e-01 996.32
8.977e-01 996.31
8.978e-01 996.30
8.979e-01 996.31
8.980e-01 996.29
8.981e-01 996.28
8.982e-01 996.26
8.983e-01 996.25
8.984e-01 996.24
8.985e-01 996.23
8.986e-01 996.22
8.987e-01 996.21
8.988e-01 996.20
8.989e-01 996.18
8.990e-01 996.17
8.991e-01 996.16
8.992e-01 996.14
8.993e-01 996.13
8.994e-01 996.12
8.995e-01 996.11
8.996e-01 996.11
8.997e-01 996.09
8.998e-01 996.08
8.999e-01 996.09
9.000e-01 996.08
9.001e-01 996.07
9.002e-01 996.07
9.003e-01 996.06
9.004e-01 996.04
9.005e-01 996.05
9.006e-01 996.03
9.007e-01 996.03
9.008e-01 996.02
9.009e-01 996.02
9.010e-01 996.01
9.011e-01 996.00
9.012e-01 995.98
9.013e-01 995.97
9.014e-01 995.96
9.015e-01 995.96
9.016e-01 995.95
9.017e-01 995.94
9.018e-01 995.93
9.019e-01 995.91
9.020e-01 995.90
9.021e-01 995.88
9.022e-01 995.88
9.023e-01 995.87
9.024e-01 995.85
9.025e-01 995.83
9.026e-01 995.83
9.027e-01 995.83
9.028e-01 995.82
9.029e-01 995.81
9.030e-01 995.81
9.031e-01 995.80
9.032e-01 995.78
9.033e-01 995.77
9.034e-01 995.76
9.035e-01 995.74
9.036e-01 995.73
9.037e-01 995.72
9.038e-01 995.71
9.039e-01 995.70
9.040e-01 995.69
9.041e-01 995.68
9.042e-01 995.66
9.043e-01 995.65
9.044e-01 995.65
9.045e-01 995.64
9.046e-01 995.63
9.047e-01 995.62
9.048e-01 995.61
9.049e-01 995.59
9.050e-01 995.58
9.051e-01 995.57
9.052e-01 995.57
9.053e-01 995.56
9.054e-01 995.55
9.055e-01 995.54
9.056e-01 995.53
9.057e-01 995.52
9.058e-01 995.50
9.059e-01 995.50
9.060e-01 995.48
9.061e-01 995.48
9.062e-01 995.47
9.063e-01 995.46
9.064e-01 995.45
9.065e-01 995.45
9.066e-01 995.44
9.067e-01 995.43
9.068e-01 995.42
9.069e-01 995.41
9.070e-01 995.40
9.071e-01 995.38
9.072e-01 995.38
9.073e-01 995.36
9.074e-01 995.35
9.075e-01 995.34
9.076e-01 995.34
9.077e-01 995.33
9.078e-01 995.32
9.079e-01 995.31
9.080e-01 995.30
9.081e-01 995.29
9.082e-01 995.27
9.083e-01 995.26
9.084e-01 995.25
9.085e-01 995.24
9.086e-01 995.23
9.087e-01 995.22
9.088e-01 995.21
9.089e-01 995.20
9.090e-01 995.18
9.091e-01 995.17
9.092e-01 995.16
9.093e-01 995.15
9.094e-01 995.15
9.095e-01 995.14
9.096e-01 995.13
9.097e-01 995.10
9.098e-01 995.09
9.099e-01 995.09
9.100e-01 995.07
9.101e-01 995.06
9.102e-01 995.05
9.103e-01 995.04
9.104e-01 995.04
9.105e-01 995.03
9.106e-01 995.02
9.107e-01 995.01
9.108e-01 995.00
9.109e-01 994.99
9.110e-01 994.98
9.111e-01 994.98
9.112e-01 994.98
9.113e-01 994.97
9.114e-01 994.96
9.115e-01 994.95
9.116e-01 994.94
9.117e-01 994.93
9.118e-01 994.92
9.119e-01 994.92
9.120e-01 994.90
9.121e-01 994.89
9.122e-01 994.88
9.123e-01 994.87
9.124e-01 994.87
9.125e-01 994.86
9.126e-01 994.85
9.127e-01 994.85
9.128e-01 994.84
9.129e-01 994.83
9.130e-01 994.82
9.131e-01 994.81
9.132e-01 994.79
9.133e-01 994.78
9.134e-01 994.77
9.135e-01 994.77
9.136e-01 994.76
9.137e-01 994.75
9.138e-01 994.75
9.139e-01 994.75
9.140e-01 994.74
9.141e-01 994.73
9.142e-01 994.72
9.143e-01 994.71
9.144e-01 994.70
9.145e-01 994.68
9.146e-01 994.67
9.147e-01 994.66
9.148e-01 994.65
9.149e-01 994.65
9.150e-01 994.64
9.151e-01 994.63
9.152e-01 994.62
9.153e-01 994.61
9.154e-01 994.61
9.155e-01 994.60
9.156e-01 994.59
9.157e-01 994.58
9.158e-01 994.59
9.159e-01 994.58
9.160e-01 994.57
9.161e-01 994.56
9.162e-01 994.55
9.163e-01 994.54
9.164e-01 994.53
9.165e-01 994.52
9.166e-01 994.51
9.167e-01 994.51
9.168e-01 994.49
9.169e-01 994.48
9.170e-01 994.47
9.171e-01 994.45
9.172e-01 994.45
9.173e-01 994.44
9.174e-01 994.42
9.175e-01 994.42
9.176e-01 994.40
9.177e-01 994.39
9.178e-01 994.39
9.179e-01 994.40
9.180e-01 994.39
9.181e-01 994.38
9.182e-01 994.37
9.183e-01 994.37
9.184e-01 994.35
9.185e-01 994.34
9.186e-01 994.33
9.187e-01 994.32
9.188e-01 994.32
9.189e-01 994.31
9.190e-01 994.31
9.191e-01 994.30
9.192e-01 994.29
9.193e-01 994.27
9.194e-01 994.27
9.195e-01 994.25
9.196e-01 994.25
9.197e-01 994.24
9.198e-01 994.22
9.199e-01 994.22
9.200e-01 994.21
9.201e-01 994.20
9.202e-01 994.20
9.203e-01 994.19
9.204e-01 994.18
9.205e-01 994.17
9.206e-01 994.17
9.207e-01 994.16
9.208e-01 994.14
9.209e-01 994.13
9.210e-01 994.14
9.211e-01 994.12
9.212e-01 994.11
9.213e-01 994.12
9.214e-01 994.12
9.215e-01 994.11
9.216e-01 994.10
9.217e-01 994.09
9.218e-01 994.08
9.219e-01 994.07
9.220e-01 994.05
9.221e-01 994.04
9.222e-01 994.03
9.223e-01 994.02
9.224e-01 994.01
9.225e-01 993.99
9.226e-01 993.98
9.227e-01 993.97
9.228e-01 993.96
9.229e-01 993.96
9.230e-01 993.95
9.231e-01 993.94
9.232e-01 993.93
9.233e-01 993.92
9.234e-01 993.92
9.235e-01 993.91
9.236e-01 993.91
9.237e-01 993.90
9.238e-01 993.89
9.239e-01 993.89
9.240e-01 993.88
9.241e-01 993.87
9.242e-01 993.86
9.243e-01 993.85
9.244e-01 993.84
9.245e-01 993.82
9.246e-01 993.81
9.247e-01 993.81
9.248e-01 993.80
9.249e-01 993.79
9.250e-01 993.79
9.251e-01 993.78
9.252e-01 993.77
9.253e-01 993.76
9.254e-01 993.75
9.255e-01 993.73
9.256e-01 993.72
9.257e-01 993.72
9.258e-01 993.70
9.259e-01 993.69
9.260e-01 993.68
9.261e-01 993.67
9.262e-01 993.67
9.263e-01 993.66
9.264e-01 993.65
9.265e-01 993.65
9.266e-01 993.64
9.267e-01 993.63
9.268e-01 993.61
9.269e-01 993.60
9.270e-01 993.58
9.271e-01 993.58
9.272e-01 993.58
9.273e-01 993.57
9.274e-01 993.56
9.275e-01 993.54
9.276e-01 993.53
9.277e-01 993.52
9.278e-01 993.51
9.279e-01 993.49
9.280e-01 993.50
9.281e-01 993.49
9.282e-01 993.48
9.283e-01 993.47
9.284e-01 993.45
9.285e-01 993.45
9.286e-01 993.45
9.287e-01 993.46
9.288e-01 993.45
9.289e-01 993.44
9.290e-01 993.43
9.291e-01 993.42
9.292e-01 993.42
9.293e-01 993.42
9.294e-01 993.41
9.295e-01 993.40
9.296e-01 993.39
9.297e-01 993.38
9.298e-01 993.38
9.299e-01 993.37
9.300e-01 993.36
9.301e-01 993.36
9.302e-01 993.35
9.303e-01 993.34
9.304e-01 993.33
9.305e-01 993.33
9.306e-01 993.33
9.307e-01 993.32
9.308e-01 993.31
9.309e-01 993.30
9.310e-01 993.31
9.311e-01 993.29
9.312e-01 993.28
9.313e-01 993.28
9.314e-01 993.27
9.315e-01 993.27
9.316e-01 993.26
9.317e-01 993.25
9.318e-01 993.24
9.319e-01 993.23
9.320e-01 993.23
9.321e-01 993.22
9.322e-01 993.21
9.323e-01 993.20
9.324e-01 993.19
9.325e-01 993.18
9.326e-01 993.17
9.327e-01 993.17
9.328e-01 993.15
9.329e-01 993.15
9.330e-01 993.15
9.331e-01 993.14
9.332e-01 993.13
9.333e-01 993.12
9.334e-01 993.12
9.335e-01 993.11
9.336e-01 993.10
9.337e-01 993.09
9.338e-01 993.09
9.339e-01 993.08
9.340e-01 993.08
9.341e-01 993.07
9.342e-01 993.06
9.343e-01 993.05
9.344e-01 993.04
9.345e-01 993.04
9.346e-01 993.03
9.347e-01 993.03
9.348e-01 993.02
9.349e-01 993.01
9.350e-01 993.00
9.351e-01 992.99
9.352e-01 992.98
9.353e-01 992.98
9.354e-01 992.98
9.355e-01 992.98
9.356e-01 992.97
9.357e-01 992.96
9.358e-01 992.94
9.359e-01 992.95
9.360e-01 992.94
9.361e-01 992.95
9.362e-01 992.94
9.363e-01 992.94
9.364e-01 992.93
9.365e-01 992.93
9.366e-01 992.92
9.367e-01 992.92
9.368e-01 992.91
9.369e-01 992.90
9.370e-01 992.89
9.371e-01 992.87
9.372e-01 992.86
9.373e-01 992.86
9.374e-01 992.85
9.375e-01 992.84
9.376e-01 992.84
9.377e-01 992.83
9.378e-01 992.82
9.379e-01 992.82
9.380e-01 992.81
9.381e-01 992.79
9.382e-01 992.78
9.383e-01 992.78
9.384e-01 992.76
9.385e-01 992.76
9.386e-01 992.75
9.387e-01 992.74
9.388e-01 992.74
9.389e-01 992.73
9.390e-01 992.71
9.391e-01 992.71
9.392e-01 992.70
9.393e-01 992.68
9.394e-01 992.67
9.395e-01 992.67
9.396e-01 992.66
9.397e-01 992.65
9.398e-01 992.64
9.399e-01 992.64
9.400e-01 992.62
9.401e-01 992.62
9.402e-01 992.61
9.403e-01 992.60
9.404e-01 992.59
9.405e-01 992.58
9.406e-01 992.57
9.407e-01 992.56
9.408e-01 992.56
9.409e-01 992.55
9.410e-01 992.54
9.411e-01 992.54
9.412e-01 992.53
9.413e-01 992.53
9.414e-01 992.52
9.415e-01 992.52
9.416e-01 992.50
9.417e-01 992.49
9.418e-01 992.49
9.419e-01 992.48
9.420e-01 992.47
9.421e-01 992.46
9.422e-01 992.44
9.423e-01 992.42
9.424e-01 992.42
9.425e-01 992.42
9.426e-01 992.41
9.427e-01 992.40
9.428e-01 992.40
9.429e-01 992.39
9.430e-01 992.39
9.431e-01 992.37
9.432e-01 992.37
9.433e-01 992.36
9.434e-01 992.35
9.435e-01 992.34
9.436e-01 992.33
9.437e-01 992.33
9.438e-01 992.32
9.439e-01 992.31
9.440e-01 992.30
9.441e-01 992.30
9.442e-01 992.30
9.443e-01 992.28
9.444e-01 992.27
9.445e-01 992.26
9.446e-01 992.26
9.447e-01 992.25
9.448e-01 992.24
9.449e-01 992.24
9.450e-01 992.23
9.451e-01 992.23
9.452e-01 992.21
9.453e-01 992.20
9.454e-01 992.19
9.455e-01 992.18
9.456e-01 992.17
9.457e-01 992.16
9.458e-01 992.16
9.459e-01 992.16
9.460e-01 992.15
9.461e-01 992.14
9.462e-01 992.13
9.463e-01 992.12
9.464e-01 992.12
9.465e-01 992.11
9.466e-01 992.10
9.467e-01 992.10
9.468e-01 992.09
9.469e-01 992.07
9.470e-01 992.06
9.471e-01 992.04
9.472e-01 992.03
9.473e-01 992.02
9.474e-01 992.01
9.475e-01 992.01
9.476e-01 992.01
9.477e-01 992.01
9.478e-01 992.00
9.479e-01 991.99
9.480e-01 991.98
9.481e-01 991.98
9.482e-01 991.97
9.483e-01 991.97
9.484e-01 991.96
9.485e-01 991.95
9.486e-01 991.95
9.487e-01 991.93
9.488e-01 991.93
9.489e-01 991.92
9.490e-01 991.92
9.491e-01 991.91
9.492e-01 991.90
9.493e-01 991.89
9.494e-01 991.89
9.495e-01 991.87
9.496e-01 991.86
9.497e-01 991.86
9.498e-01 991.86
9.499e-01 991.86
9.500e-01 991.85
9.501e-01 991.84
9.502e-01 991.83
9.503e-01 991.83
9.504e-01 991.81
9.505e-01 991.80
9.506e-01 991.79
9.507e-01 991.79
9.508e-01 991.78
9.509e-01 991.77
9.510e-01 991.76
9.511e-01 991.75
9.512e-01 991.75
9.513e-01 991.73
9.514e-01 991.72
9.515e-01 991.71
9.516e-01 991.70
9.517e-01 991.69
9.518e-01 991.69
9.519e-01 991.67
9.520e-01 991.67
9.521e-01 991.66
9.522e-01 991.66
9.523e-01 991.65
9.524e-01 991.64
9.525e-01 991.63
9.526e-01 991.62
9.527e-01 991.61
9.528e-01 991.60
9.529e-01 991.59
9.530e-01 991.58
9.531e-01 991.57
9.532e-01 991.56
9.533e-01 991.56
9.534e-01 991.55
9.535e-01 991.54
9.536e-01 991.54
9.537e-01 991.52
9.538e-01 991.51
9.539e-01 991.49
9.540e-01 991.48
9.541e-01 991.48
9.542e-01 991.47
9.543e-01 991.47
9.544e-01 991.46
9.545e-01 991.46
9.546e-01 991.45
9.547e-01 991.44
9.548e-01 991.43
9.549e-01 991.43
9.550e-01 991.42
9.551e-01 991.40
9.552e-01 991.40
9.553e-01 991.38
9.554e-01 991.38
9.555e-01 991.37
9.556e-01 991.37
9.557e-01 991.36
9.558e-01 991.35
9.559e-01 991.35
9.560e-01 991.34
9.561e-01 991.32
9.562e-01 991.31
9.563e-01 991.30
9.564e-01 991.29
9.565e-01 991.28
9.566e-01 991.27
9.567e-01 991.26
9.568e-01 991.25
9.569e-01 991.25
9.570e-01 991.24
9.571e-01 991.23
9.572e-01 991.22
9.573e-01 991.21
9.574e-01 991.20
9.575e-01 991.19
9.576e-01 991.19
9.577e-01 991.19
9.578e-01 991.18
9.579e-01 991.18
9.580e-01 991.17
9.581e-01 991.17
9.582e-01 991.15
9.583e-01 991.14
9.584e-01 991.13
9.585e-01 991.12
9.586e-01 991.11
9.587e-01 991.11
9.588e-01 991.10
9.589e-01 991.08
9.590e-01 991.08
9.591e-01 991.07
9.592e-01 991.07
9.593e-01 991.06
9.594e-01 991.06
9.595e-01 991.05
9.596e-01 991.04
9.597e-01 991.03
9.598e-01 991.02
9.599e-01 991.02
9.600e-01 991.01
9.601e-01 991.00
9.602e-01 990.99
9.603e-01 990.98
9.604e-01 990.97
9.605e-01 990.96
9.606e-01 990.95
9.607e-01 990.94
9.608e-01 990.93
9.609e-01 990.92
9.610e-01 990.92
9.611e-01 990.91
9.612e-01 990.90
9.613e-01 990.90
9.614e-01 990.90
9.615e-01 990.89
9.616e-01 990.88
9.617e-01 990.88
9.618e-01 990.87
9.619e-01 990.86
9.620e-01 990.85
9.621e-01 990.83
9.622e-01 990.81
9.623e-01 990.80
9.624e-01 990.80
9.625e-01 990.79
9.626e-01 990.78
9.627e-01 990.77
9.628e-01 990.76
9.629e-01 990.75
9.630e-01 990.74
9.631e-01 990.73
9.632e-01 990.73
9.633e-01 990.72
9.634e-01 990.72
9.635e-01 990.71
9.636e-01 990.69
9.637e-01 990.69
9.638e-01 990.68
9.639e-01 990.67
9.640e-01 990.66
9.641e-01 990.65
9.642e-01 990.64
9.643e-01 990.63
9.644e-01 990.62
9.645e-01 990.61
9.646e-01 990.61
9.647e-01 990.59
9.648e-01 990.58
9.649e-01 990.58
9.650e-01 990.57
9.651e-01 990.55
9.652e-01 990.55
9.653e-01 990.54
9.654e-01 990.53
9.655e-01 990.53
9.656e-01 990.52
9.657e-01 990.51
9.658e-01 990.49
9.659e-01 990.48
9.660e-01 990.47
9.661e-01 990.47
9.662e-01 990.47
9.663e-01 990.47
9.664e-01 990.46
9.665e-01 990.45
9.666e-01 990.44
9.667e-01 990.44
9.668e-01 990.43
9.669e-01 990.43
9.670e-01 990.43
9.671e-01 990.42
9.672e-01 990.42
9.673e-01 990.41
9.674e-01 990.40
9.675e-01 990.39
9.676e-01 990.38
9.677e-01 990.37
9.678e-01 990.37
9.679e-01 990.37
9.680e-01 990.36
9.681e-01 990.35
9.682e-01 990.33
9.683e-01 990.32
9.684e-01 990.32
9.685e-01 990.30
9.686e-01 990.29
9.687e-01 990.29
9.688e-01 990.28
9.689e-01 990.27
9.690e-01 990.27
9.691e-01 990.26
9.692e-01 990.25
9.693e-01 990.23
9.694e-01 990.23
9.695e-01 990.22
9.696e-01 990.21
9.697e-01 990.20
9.698e-01 990.19
9.699e-01 990.19
9.700e-01 990.19
9.701e-01 990.18
9.702e-01 990.16
9.703e-01 990.15
9.704e-01 990.14
9.705e-01 990.12
9.706e-01 990.11
9.707e-01 990.10
9.708e-01 990.10
9.709e-01 990.09
9.710e-01 990.08
9.711e-01 990.07
9.712e-01 990.07
9.713e-01 990.06
9.714e-01 990.05
9.715e-01 990.06
9.716e-01 990.05
9.717e-01 990.04
9.718e-01 990.02
9.719e-01 990.02
9.720e-01 990.01
9.721e-01 990.00
9.722e-01 989.99
9.723e-01 989.98
9.724e-01 989.98
9.725e-01 989.97
9.726e-01 989.96
9.727e-01 989.95
9.728e-01 989.95
9.729e-01 989.94
9.730e-01 989.93
9.731e-01 989.92
9.732e-01 989.91
9.733e-01 989.90
9.734e-01 989.89
9.735e-01 989.89
9.736e-01 989.87
9.737e-01 989.86
9.738e-01 989.85
9.739e-01 989.85
9.740e-01 989.84
9.741e-01 989.83
9.742e-01 989.83
9.743e-01 989.82
9.744e-01 989.81
9.745e-01 989.80
9.746e-01 989.79
9.747e-01 989.78
9.748e-01 989.78
9.749e-01 989.76
9.750e-01 989.75
9.751e-01 989.75
9.752e-01 989.75
9.753e-01 989.74
9.754e-01 989.73
9.755e-01 989.72
9.756e-01 989.72
9.757e-01 989.71
9.758e-01 989.70
9.759e-01 989.70
9.760e-01 989.68
9.761e-01 989.68
9.762e-01 989.68
9.763e-01 989.67
9.764e-01 989.66
9.765e-01 989.65
9.766e-01 989.63
9.767e-01 989.63
9.768e-01 989.63
9.769e-01 989.62
9.770e-01 989.61
9.771e-01 989.60
9.772e-01 989.58
9.773e-01 989.57
9.774e-01 989.57
9.775e-01 989.55
9.776e-01 989.55
9.777e-01 989.54
9.778e-01 989.53
9.779e-01 989.53
9.780e-01 989.51
9.781e-01 989.51
9.782e-01 989.50
9.783e-01 989.50
9.784e-01 989.48
9.785e-01 989.48
9.786e-01 989.46
9.787e-01 989.46
9.788e-01 989.45
9.789e-01 989.44
9.790e-01 989.43
9.791e-01 989.41
9.792e-01 989.41
9.793e-01 989.40
9.794e-01 989.39
9.795e-01 989.37
9.796e-01 989.37
9.797e-01 989.36
9.798e-01 989.35
9.799e-01 989.35
9.800e-01 989.33
9.801e-01 989.33
9.802e-01 989.32
9.803e-01 989.31
9.804e-01 989.31
9.805e-01 989.30
9.806e-01 989.29
9.807e-01 989.28
9.808e-01 989.27
9.809e-01 989.27
9.810e-01 989.27
9.811e-01 989.26
9.812e-01 989.25
9.813e-01 989.24
9.814e-01 989.23
9.815e-01 989.23
9.816e-01 989.21
9.817e-01 989.21
9.818e-01 989.20
9.819e-01 989.19
9.820e-01 989.18
9.821e-01 989.18
9.822e-01 989.17
9.823e-01 989.15
9.824e-01 989.14
9.825e-01 989.13
9.826e-01 989.12
9.827e-01 989.11
9.828e-01 989.10
9.829e-01 989.09
9.830e-01 989.09
9.831e-01 989.07
9.832e-01 989.06
9.833e-01 989.05
9.834e-01 989.04
9.835e-01 989.03
9.836e-01 989.02
9.837e-01 989.01
9.838e-01 988.99
9.839e-01 988.99
9.840e-01 988.97
9.841e-01 988.97
9.842e-01 988.95
9.843e-01 988.95
9.844e-01 988.94
9.845e-01 988.94
9.846e-01 988.93
9.847e-01 988.92
9.848e-01 988.91
9.849e-01 988.90
9.850e-01 988.90
9.851e-01 988.89
9.852e-01 988.88
9.853e-01 988.88
9.854e-01 988.87
9.855e-01 988.88
9.856e-01 988.87
9.857e-01 988.86
9.858e-01 988.85
9.859e-01 988.84
9.860e-01 988.83
9.861e-01 988.83
9.862e-01 988.82
9.863e-01 988.81
9.864e-01 988.80
9.865e-01 988.79
9.866e-01 988.78
9.867e-01 988.77
9.868e-01 988.76
9.869e-01 988.75
9.870e-01 988.74
9.871e-01 988.73
9.872e-01 988.71
9.873e-01 988.71
9.874e-01 988.71
9.875e-01 988.70
9.876e-01 988.70
9.877e-01 988.69
9.878e-01 988.68
9.879e-01 988.67
9.880e-01 988.67
9.881e-01 988.66
9.882e-01 988.64
9.883e-01 988.64
9.884e-01 988.63
9.885e-01 988.62
9.886e-01 988.61
9.887e-01 988.61
9.888e-01 988.60
9.889e-01 988.59
9.890e-01 988.58
9.891e-01 988.57
9.892e-01 988.56
9.893e-01 988.55
9.894e-01 988.54
9.895e-01 988.54
9.896e-01 988.53
9.897e-01 988.53
9.898e-01 988.52
9.899e-01 988.50
9.900e-01 988.50
9.901e-01 988.49
9.902e-01 988.48
9.903e-01 988.47
9.904e-01 988.46
9.905e-01 988.45
9.906e-01 988.45
9.907e-01 988.45
9.908e-01 988.44
9.909e-01 988.43
9.910e-01 988.42
9.911e-01 988.41
9.912e-01 988.40
9.913e-01 988.39
9.914e-01 988.38
9.915e-01 988.38
9.916e-01 988.37
9.917e-01 988.36
9.918e-01 988.35
9.919e-01 988.34
9.920e-01 988.34
9.921e-01 988.34
9.922e-01 988.34
9.923e-01 988.33
9.924e-01 988.33
9.925e-01 988.32
9.926e-01 988.32
9.927e-01 988.30
9.928e-01 988.30
9.929e-01 988.28
9.930e-01 988.27
9.931e-01 988.27
9.932e-01 988.26
9.933e-01 988.26
9.934e-01 988.25
9.935e-01 988.25
9.936e-01 988.24
9.937e-01 988.24
9.938e-01 988.24
9.939e-01 988.23
9.940e-01 988.22
9.941e-01 988.20
9.942e-01 988.20
9.943e-01 988.19
9.944e-01 988.18
9.945e-01 988.18
9.946e-01 988.17
9.947e-01 988.15
9.948e-01 988.15
9.949e-01 988.14
9.950e-01 988.13
9.951e-01 988.13
9.952e-01 988.12
9.953e-01 988.12
9.954e-01 988.11
9.955e-01 988.10
9.956e-01 988.09
9.957e-01 988.08
9.958e-01 988.06
9.959e-01 988.05
9.960e-01 988.06
9.961e-01 988.04
9.962e-01 988.04
9.963e-01 988.03
9.964e-01 988.03
9.965e-01 988.02
9.966e-01 988.01
9.967e-01 988.00
9.968e-01 987.99
9.969e-01 987.98
9.970e-01 987.97
9.971e-01 987.97
9.972e-01 987.95
9.973e-01 987.95
9.974e-01 987.94
9.975e-01 987.94
9.976e-01 987.92
9.977e-01 987.92
9.978e-01 987.92
9.979e-01 987.91
9.980e-01 987.90
9.981e-01 987.89
9.982e-01 987.88
9.983e-01 987.86
9.984e-01 987.85
9.985e-01 987.85
9.986e-01 987.84
9.987e-01 987.83
9.988e-01 987.82
9.989e-01 987.81
9.990e-01 987.80
9.991e-01 987.80
9.992e-01 987.80
9.993e-01 987.79
9.994e-01 987.78
9.995e-01 987.77
9.996e-01 987.77
9.997e-01 987.77
9.998e-01 987.76
9.999e-01 987.75
1.000e-00 987.75
1.000e+00 987.74
1.001e+00 987.71
1.002e+00 987.65
1.003e+00 987.57
1.004e+00 987.49
1.005e+00 987.42
1.006e+00 987.34
1.007e+00 987.27
1.008e+00 987.17
1.009e+00 987.11
1.010e+00 987.06
1.011e+00 986.97
1.012e+00 986.88
1.013e+00 986.83
1.014e+00 986.75
1.015e+00 986.66
1.016e+00 986.59
1.017e+00 986.50
1.018e+00 986.41
1.019e+00 986.34
1.020e+00 986.27
1.021e+00 986.20
1.022e+00 986.15
1.023e+00 986.09
1.024e+00 986.03
1.025e+00 985.96
1.026e+00 985.92
1.027e+00 985.85
1.028e+00 985.73
1.029e+00 985.64
1.030e+00 985.55
1.031e+00 985.46
1.032e+00 985.41
1.033e+00 985.34
1.034e+00 985.29
1.035e+00 985.23
1.036e+00 985.12
1.037e+00 985.05
1.038e+00 984.95
1.039e+00 984.90
1.040e+00 984.81
1.041e+00 984.73
1.042e+00 984.67
1.043e+00 984.60
1.044e+00 984.53
1.045e+00 984.45
1.046e+00 984.38
1.047e+00 984.30
1.048e+00 984.23
1.049e+00 984.13
1.050e+00 984.03
1.051e+00 983.96
1.052e+00 983.90
1.053e+00 983.82
1.054e+00 983.73
1.055e+00 983.63
1.056e+00 983.54
1.057e+00 983.47
1.058e+00 983.39
1.059e+00 983.31
1.060e+00 983.20
1.061e+00 983.13
1.062e+00 983.06
1.063e+00 982.98
1.064e+00 982.92
1.065e+00 982.86
1.066e+00 982.79
1.067e+00 982.72
1.068e+00 982.67
1.069e+00 982.59
1.070e+00 982.52
1.071e+00 982.45
1.072e+00 982.38
1.073e+00 982.33
1.074e+00 982.23
1.075e+00 982.14
1.076e+00 982.05
1.077e+00 981.98
1.078e+00 981.92
1.079e+00 981.87
1.080e+00 981.81
1.081e+00 981.76
1.082e+00 981.69
1.083e+00 981.65
1.084e+00 981.58
1.085e+00 981.51
1.086e+00 981.44
1.087e+00 981.37
1.088e+00 981.30
1.089e+00 981.22
1.090e+00 981.15
1.091e+00 981.09
